comment: this file was generated by carlos-svtools.
64	128	0	128	0	0	0	0	0	0	0	0	0	128	128	128	128	128	128	140	0	64	0	64	112	55	211	255	165	0	0	0	0	128	38	64	96	50	181	255	255	0	0	0	0	0
1	2	3	4	5	6	7	8	9	10	11	12	13	14	15	16	17	18	19	20	21	22	23	24	25	26	27	28	29	30	31	32	33	34	35	36	37	38	39	40	41	42	43	44	45	46	
10	162	46
140	-1	-1	-1	80	0	-1	-1	0	-1	0	-1	0	-1	-1	-1	-1	-1	-1	140	-1	-1	-1	-1	-1	-1	-1	-1	-1	-1	-1	-1	-1	-1	-1	-1	-1	-1	-1	-1	-1	-1	-1	-1	-1	-1	
140	-1	-1	-1	80	0	-1	-1	0	-1	0	-1	0	-1	-1	-1	-1	-1	-1	140	-1	-1	-1	-1	-1	-1	-1	-1	-1	-1	-1	-1	-1	-1	-1	-1	-1	-1	-1	-1	-1	-1	-1	-1	-1	-1	
140	-1	-1	-1	80	0	-1	-1	0	-1	0	-1	0	-1	-1	-1	-1	-1	-1	140	-1	-1	-1	-1	-1	-1	-1	-1	-1	-1	-1	-1	-1	-1	-1	-1	-1	-1	-1	-1	-1	-1	-1	-1	-1	-1	
140	-1	-1	-1	80	0	-1	-1	0	-1	0	-1	0	-1	-1	-1	-1	-1	-1	140	-1	-1	-1	-1	-1	-1	-1	-1	-1	-1	-1	-1	-1	-1	-1	-1	-1	-1	-1	-1	-1	-1	-1	-1	-1	-1	
140	-1	-1	-1	80	0	-1	-1	5	-1	0	-1	76	-1	128	-1	128	-1	-1	140	-1	-1	-1	-1	-1	-1	-1	-1	-1	-1	-1	-1	-1	-1	-1	-1	-1	-1	-1	-1	-1	-1	-1	-1	-1	-1	
140	-1	-1	-1	80	0	-1	-1	5	-1	0	-1	76	-1	128	-1	128	-1	-1	140	-1	-1	-1	-1	-1	-1	-1	-1	-1	-1	-1	-1	-1	-1	-1	-1	-1	-1	-1	-1	-1	-1	-1	-1	-1	-1	
140	-1	-1	-1	80	0	-1	-1	5	-1	0	-1	76	-1	128	-1	128	-1	-1	140	-1	-1	-1	-1	-1	-1	-1	-1	-1	-1	-1	-1	-1	-1	-1	-1	-1	-1	-1	-1	-1	-1	-1	-1	-1	-1	
140	-1	-1	-1	80	0	-1	-1	5	-1	0	-1	76	-1	128	-1	128	-1	-1	140	-1	-1	-1	-1	-1	-1	-1	-1	-1	-1	-1	-1	-1	-1	-1	-1	-1	-1	-1	-1	-1	-1	-1	-1	-1	-1	
140	-1	-1	-1	80	0	-1	-1	15	-1	0	-1	91	-1	128	-1	128	-1	-1	140	-1	-1	-1	-1	-1	-1	-1	-1	-1	-1	-1	-1	-1	-1	-1	-1	-1	-1	-1	-1	-1	-1	-1	-1	-1	-1	
140	-1	-1	-1	80	0	-1	-1	25	-1	0	-1	107	-1	128	-1	128	-1	-1	140	-1	-1	-1	-1	-1	-1	-1	-1	-1	-1	-1	-1	-1	-1	-1	-1	-1	-1	-1	-1	-1	-1	-1	-1	-1	-1	
140	-1	-1	-1	80	0	-1	-1	35	-1	0	-1	122	-1	128	-1	128	-1	-1	140	-1	-1	-1	-1	-1	-1	-1	-1	-1	-1	-1	-1	-1	-1	-1	-1	-1	-1	-1	-1	-1	-1	-1	-1	-1	-1	
140	-1	-1	-1	80	0	-1	-1	50	-1	0	-1	139	-1	128	-1	128	-1	-1	140	-1	-1	-1	-1	-1	-1	-1	-1	-1	-1	-1	-1	-1	-1	-1	-1	-1	-1	-1	-1	-1	-1	-1	-1	-1	-1	
140	-1	-1	-1	80	0	-1	-1	55	-1	0	-1	152	-1	128	-1	128	-1	-1	140	-1	-1	-1	-1	-1	-1	-1	-1	-1	-1	-1	-1	-1	-1	-1	-1	-1	-1	-1	-1	-1	-1	-1	-1	-1	-1	
140	-1	-1	-1	80	0	-1	-1	55	-1	0	-1	163	-1	128	-1	128	-1	-1	140	-1	-1	-1	-1	-1	-1	-1	-1	-1	-1	-1	-1	-1	-1	-1	-1	-1	-1	-1	-1	-1	-1	-1	-1	-1	-1	
140	-1	-1	-1	80	0	-1	-1	45	-1	0	-1	168	-1	128	-1	128	-1	-1	140	-1	-1	-1	-1	-1	-1	-1	-1	-1	-1	-1	-1	-1	-1	-1	-1	-1	-1	-1	-1	-1	-1	-1	-1	-1	-1	
140	-1	-1	-1	80	0	-1	-1	80	-1	0	-1	175	-1	128	-1	128	-1	-1	140	-1	-1	-1	-1	-1	-1	-1	-1	-1	-1	-1	-1	-1	-1	-1	-1	-1	-1	-1	-1	-1	-1	-1	-1	-1	-1	
140	-1	-1	-1	80	0	-1	-1	110	-1	0	-1	181	-1	129	-1	129	-1	-1	140	-1	-1	-1	-1	-1	-1	-1	-1	-1	-1	-1	-1	-1	-1	-1	-1	-1	-1	-1	-1	-1	-1	-1	-1	-1	-1	
140	-1	-1	-1	80	0	-1	-1	85	-1	0	-1	168	-1	130	-1	130	-1	-1	140	-1	-1	-1	-1	-1	-1	-1	-1	-1	-1	-1	-1	-1	-1	-1	-1	-1	-1	-1	-1	-1	-1	-1	-1	-1	-1	
140	-1	-1	-1	80	0	-1	-1	70	-1	0	-1	151	-1	130	-1	130	-1	-1	140	-1	-1	-1	-1	-1	-1	-1	-1	-1	-1	-1	-1	-1	-1	-1	-1	-1	-1	-1	-1	-1	-1	-1	-1	-1	-1	
140	-1	-1	-1	80	0	-1	-1	55	-1	0	-1	137	-1	131	-1	131	-1	-1	140	-1	-1	-1	-1	-1	-1	-1	-1	-1	-1	-1	-1	-1	-1	-1	-1	-1	-1	-1	-1	-1	-1	-1	-1	-1	-1	
140	-1	-1	-1	80	0	-1	-1	40	-1	0	-1	129	-1	132	-1	132	-1	-1	140	-1	-1	-1	-1	-1	-1	-1	-1	-1	-1	-1	-1	-1	-1	-1	-1	-1	-1	-1	-1	-1	-1	-1	-1	-1	-1	
140	-1	-1	-1	80	0	-1	-1	30	-1	0	-1	129	-1	132	-1	132	-1	-1	140	-1	-1	-1	-1	-1	-1	-1	-1	-1	-1	-1	-1	-1	-1	-1	-1	-1	-1	-1	-1	-1	-1	-1	-1	-1	-1	
140	-1	-1	-1	80	0	-1	-1	25	-1	0	-1	127	-1	133	-1	133	-1	-1	140	-1	-1	-1	-1	-1	-1	-1	-1	-1	-1	-1	-1	-1	-1	-1	-1	-1	-1	-1	-1	-1	-1	-1	-1	-1	-1	
140	-1	-1	-1	80	0	-1	-1	20	-1	0	-1	132	-1	134	-1	134	-1	-1	140	-1	-1	-1	-1	-1	-1	-1	-1	-1	-1	-1	-1	-1	-1	-1	-1	-1	-1	-1	-1	-1	-1	-1	-1	-1	-1	
140	-1	-1	-1	80	0	-1	-1	0	-1	10	-1	134	-1	135	-1	135	-1	-1	140	-1	-1	-1	-1	-1	-1	-1	-1	-1	-1	-1	-1	-1	-1	-1	-1	-1	-1	-1	-1	-1	-1	-1	-1	-1	-1	
140	-1	-1	-1	80	0	-1	-1	0	-1	28	-1	137	-1	135	-1	135	-1	-1	140	-1	-1	-1	-1	-1	-1	-1	-1	-1	-1	-1	-1	-1	-1	-1	-1	-1	-1	-1	-1	-1	-1	-1	-1	-1	-1	
140	-1	-1	-1	80	0	-1	-1	0	-1	32	-1	145	-1	136	-1	136	-1	-1	140	-1	-1	-1	-1	-1	-1	-1	-1	-1	-1	-1	-1	-1	-1	-1	-1	-1	-1	-1	-1	-1	-1	-1	-1	-1	-1	
140	-1	-1	-1	80	0	-1	-1	0	-1	38	-1	154	-1	137	-1	137	-1	-1	140	-1	-1	-1	-1	-1	-1	-1	-1	-1	-1	-1	-1	-1	-1	-1	-1	-1	-1	-1	-1	-1	-1	-1	-1	-1	-1	
140	-1	-1	-1	80	0	-1	-1	0	-1	44	-1	161	-1	137	-1	137	-1	-1	140	-1	-1	-1	-1	-1	-1	-1	-1	-1	-1	-1	-1	-1	-1	-1	-1	-1	-1	-1	-1	-1	-1	-1	-1	-1	-1	
140	-1	-1	-1	80	0	-1	-1	0	-1	50	-1	163	-1	137	-1	137	-1	-1	140	-1	-1	-1	-1	-1	-1	-1	-1	-1	-1	-1	-1	-1	-1	-1	-1	-1	-1	-1	-1	-1	-1	-1	-1	-1	-1	
140	-1	-1	-1	80	0	-1	-1	0	-1	58	-1	160	-1	137	-1	137	-1	-1	140	-1	-1	-1	-1	-1	-1	-1	-1	-1	-1	-1	-1	-1	-1	-1	-1	-1	-1	-1	-1	-1	-1	-1	-1	-1	-1	
140	-1	-1	-1	80	0	-1	-1	0	-1	62	-1	168	-1	137	-1	137	-1	-1	140	-1	-1	-1	-1	-1	-1	-1	-1	-1	-1	-1	-1	-1	-1	-1	-1	-1	-1	-1	-1	-1	-1	-1	-1	-1	-1	
140	-1	-1	-1	80	0	-1	-1	0	-1	60	-1	174	-1	137	-1	137	-1	-1	140	-1	-1	-1	-1	-1	-1	-1	-1	-1	-1	-1	-1	-1	-1	-1	-1	-1	-1	-1	-1	-1	-1	-1	-1	-1	-1	
140	-1	-1	-1	80	0	-1	-1	0	-1	56	-1	174	-1	138	-1	138	-1	-1	140	-1	-1	-1	-1	-1	-1	-1	-1	-1	-1	-1	-1	-1	-1	-1	-1	-1	-1	-1	-1	-1	-1	-1	-1	-1	-1	
140	-1	-1	-1	80	0	-1	-1	0	-1	52	-1	170	-1	138	-1	138	-1	-1	140	-1	-1	-1	-1	-1	-1	-1	-1	-1	-1	-1	-1	-1	-1	-1	-1	-1	-1	-1	-1	-1	-1	-1	-1	-1	-1	
140	-1	-1	-1	80	0	-1	-1	0	-1	46	-1	163	-1	136	-1	136	-1	-1	140	-1	-1	-1	-1	-1	-1	-1	-1	-1	-1	-1	-1	-1	-1	-1	-1	-1	-1	-1	-1	-1	-1	-1	-1	-1	-1	
140	-1	-1	-1	80	0	-1	-1	0	-1	38	-1	153	-1	138	-1	138	-1	-1	140	-1	-1	-1	-1	-1	-1	-1	-1	-1	-1	-1	-1	-1	-1	-1	-1	-1	-1	-1	-1	-1	-1	-1	-1	-1	-1	
140	-1	-1	-1	80	0	-1	-1	0	-1	26	-1	144	-1	137	-1	137	-1	-1	140	-1	-1	-1	-1	-1	-1	-1	-1	-1	-1	-1	-1	-1	-1	-1	-1	-1	-1	-1	-1	-1	-1	-1	-1	-1	-1	
140	-1	-1	-1	80	0	-1	-1	0	-1	16	-1	132	-1	138	-1	138	-1	-1	140	-1	-1	-1	-1	-1	-1	-1	-1	-1	-1	-1	-1	-1	-1	-1	-1	-1	-1	-1	-1	-1	-1	-1	-1	-1	-1	
140	-1	-1	-1	80	0	-1	-1	0	-1	6	-1	120	-1	139	-1	139	-1	-1	140	-1	-1	-1	-1	-1	-1	-1	-1	-1	-1	-1	-1	-1	-1	-1	-1	-1	-1	-1	-1	-1	-1	-1	-1	-1	-1	
140	-1	-1	-1	80	0	-1	-1	0	-1	0	-1	103	-1	139	-1	139	-1	-1	140	-1	-1	-1	-1	-1	-1	-1	-1	-1	-1	-1	-1	-1	-1	-1	-1	-1	-1	-1	-1	-1	-1	-1	-1	-1	-1	
140	-1	-1	-1	80	0	-1	-1	20	-1	0	-1	93	-1	139	-1	139	-1	-1	140	-1	-1	-1	-1	-1	-1	-1	-1	-1	-1	-1	-1	-1	-1	-1	-1	-1	-1	-1	-1	-1	-1	-1	-1	-1	-1	
140	-1	-1	-1	80	0	-1	-1	15	-1	0	-1	94	-1	140	-1	140	-1	-1	140	-1	-1	-1	-1	-1	-1	-1	-1	-1	-1	-1	-1	-1	-1	-1	-1	-1	-1	-1	-1	-1	-1	-1	-1	-1	-1	
140	-1	-1	-1	80	0	-1	-1	5	-1	0	-1	101	-1	140	-1	140	-1	-1	140	-1	-1	-1	-1	-1	-1	-1	-1	-1	-1	-1	-1	-1	-1	-1	-1	-1	-1	-1	-1	-1	-1	-1	-1	-1	-1	
140	-1	-1	-1	80	0	-1	-1	0	-1	0	-1	112	-1	140	-1	140	-1	-1	140	-1	-1	-1	-1	-1	-1	-1	-1	-1	-1	-1	-1	-1	-1	-1	-1	-1	-1	-1	-1	-1	-1	-1	-1	-1	-1	
140	-1	-1	-1	80	0	-1	-1	0	-1	6	-1	125	-1	140	-1	140	-1	-1	140	-1	-1	-1	-1	-1	-1	-1	-1	-1	-1	-1	-1	-1	-1	-1	-1	-1	-1	-1	-1	-1	-1	-1	-1	-1	-1	
140	-1	-1	-1	80	0	-1	-1	0	-1	10	-1	141	-1	140	-1	140	-1	-1	140	-1	-1	-1	-1	-1	-1	-1	-1	-1	-1	-1	-1	-1	-1	-1	-1	-1	-1	-1	-1	-1	-1	-1	-1	-1	-1	
140	-1	-1	-1	80	0	-1	-1	0	-1	10	-1	163	-1	140	-1	140	-1	-1	140	-1	-1	-1	-1	-1	-1	-1	-1	-1	-1	-1	-1	-1	-1	-1	-1	-1	-1	-1	-1	-1	-1	-1	-1	-1	-1	
140	-1	-1	-1	80	0	-1	-1	0	-1	10	-1	185	-1	140	-1	140	-1	-1	140	-1	-1	-1	-1	-1	-1	-1	-1	-1	-1	-1	-1	-1	-1	-1	-1	-1	-1	-1	-1	-1	-1	-1	-1	-1	-1	
140	-1	-1	-1	80	0	-1	-1	0	-1	10	-1	204	-1	140	-1	140	-1	-1	140	-1	-1	-1	-1	-1	-1	-1	-1	-1	-1	-1	-1	-1	-1	-1	-1	-1	-1	-1	-1	-1	-1	-1	-1	-1	-1	
140	-1	-1	-1	80	0	-1	-1	0	-1	12	-1	215	-1	140	-1	140	-1	-1	140	-1	-1	-1	-1	-1	-1	-1	-1	-1	-1	-1	-1	-1	-1	-1	-1	-1	-1	-1	-1	-1	-1	-1	-1	-1	-1	
140	-1	-1	-1	80	0	-1	-1	0	-1	6	-1	218	-1	140	-1	140	-1	-1	140	-1	-1	-1	-1	-1	-1	-1	-1	-1	-1	-1	-1	-1	-1	-1	-1	-1	-1	-1	-1	-1	-1	-1	-1	-1	-1	
140	-1	-1	-1	80	0	-1	-1	0	-1	0	-1	219	-1	139	-1	139	-1	-1	140	-1	-1	-1	-1	-1	-1	-1	-1	-1	-1	-1	-1	-1	-1	-1	-1	-1	-1	-1	-1	-1	-1	-1	-1	-1	-1	
140	-1	-1	-1	80	0	-1	-1	20	-1	0	-1	214	-1	138	-1	138	-1	-1	140	-1	-1	-1	-1	-1	-1	-1	-1	-1	-1	-1	-1	-1	-1	-1	-1	-1	-1	-1	-1	-1	-1	-1	-1	-1	-1	
140	-1	-1	-1	80	0	-1	-1	40	-1	0	-1	212	-1	138	-1	138	-1	-1	140	-1	-1	-1	-1	-1	-1	-1	-1	-1	-1	-1	-1	-1	-1	-1	-1	-1	-1	-1	-1	-1	-1	-1	-1	-1	-1	
140	-1	-1	-1	80	0	-1	-1	50	-1	0	-1	207	-1	137	-1	137	-1	-1	140	-1	-1	-1	-1	-1	-1	-1	-1	-1	-1	-1	-1	-1	-1	-1	-1	-1	-1	-1	-1	-1	-1	-1	-1	-1	-1	
140	-1	-1	-1	80	0	-1	-1	60	-1	0	-1	201	-1	137	-1	137	-1	-1	140	-1	-1	-1	-1	-1	-1	-1	-1	-1	-1	-1	-1	-1	-1	-1	-1	-1	-1	-1	-1	-1	-1	-1	-1	-1	-1	
140	-1	-1	-1	80	0	-1	-1	65	-1	0	-1	195	-1	134	-1	134	-1	-1	140	-1	-1	-1	-1	-1	-1	-1	-1	-1	-1	-1	-1	-1	-1	-1	-1	-1	-1	-1	-1	-1	-1	-1	-1	-1	-1	
140	-1	-1	-1	80	0	-1	-1	65	-1	0	-1	194	-1	134	-1	134	-1	-1	140	-1	-1	-1	-1	-1	-1	-1	-1	-1	-1	-1	-1	-1	-1	-1	-1	-1	-1	-1	-1	-1	-1	-1	-1	-1	-1	
140	-1	-1	-1	80	0	-1	-1	65	-1	0	-1	195	-1	134	-1	134	-1	-1	140	-1	-1	-1	-1	-1	-1	-1	-1	-1	-1	-1	-1	-1	-1	-1	-1	-1	-1	-1	-1	-1	-1	-1	-1	-1	-1	
140	-1	-1	-1	80	0	-1	-1	70	-1	0	-1	200	-1	133	-1	133	-1	-1	140	-1	-1	-1	-1	-1	-1	-1	-1	-1	-1	-1	-1	-1	-1	-1	-1	-1	-1	-1	-1	-1	-1	-1	-1	-1	-1	
140	-1	-1	-1	80	0	-1	-1	75	-1	0	-1	205	-1	133	-1	133	-1	-1	140	-1	-1	-1	-1	-1	-1	-1	-1	-1	-1	-1	-1	-1	-1	-1	-1	-1	-1	-1	-1	-1	-1	-1	-1	-1	-1	
140	-1	-1	-1	80	0	-1	-1	80	-1	0	-1	217	-1	132	-1	132	-1	-1	140	-1	-1	-1	-1	-1	-1	-1	-1	-1	-1	-1	-1	-1	-1	-1	-1	-1	-1	-1	-1	-1	-1	-1	-1	-1	-1	
140	-1	-1	-1	80	0	-1	-1	65	-1	0	-1	222	-1	132	-1	132	-1	-1	140	-1	-1	-1	-1	-1	-1	-1	-1	-1	-1	-1	-1	-1	-1	-1	-1	-1	-1	-1	-1	-1	-1	-1	-1	-1	-1	
140	-1	-1	-1	80	0	-1	-1	70	-1	0	-1	229	-1	131	-1	131	-1	-1	140	-1	-1	-1	-1	-1	-1	-1	-1	-1	-1	-1	-1	-1	-1	-1	-1	-1	-1	-1	-1	-1	-1	-1	-1	-1	-1	
140	-1	-1	-1	80	0	-1	-1	60	-1	0	-1	233	-1	131	-1	131	-1	-1	140	-1	-1	-1	-1	-1	-1	-1	-1	-1	-1	-1	-1	-1	-1	-1	-1	-1	-1	-1	-1	-1	-1	-1	-1	-1	-1	
140	-1	-1	-1	80	0	-1	-1	55	-1	0	-1	237	-1	130	-1	130	-1	-1	140	-1	-1	-1	-1	-1	-1	-1	-1	-1	-1	-1	-1	-1	-1	-1	-1	-1	-1	-1	-1	-1	-1	-1	-1	-1	-1	
140	-1	-1	-1	80	0	-1	-1	55	-1	0	-1	237	-1	129	-1	129	-1	-1	140	-1	-1	-1	-1	-1	-1	-1	-1	-1	-1	-1	-1	-1	-1	-1	-1	-1	-1	-1	-1	-1	-1	-1	-1	-1	-1	
140	-1	-1	-1	80	0	-1	-1	55	-1	0	-1	236	-1	129	-1	129	-1	-1	140	-1	-1	-1	-1	-1	-1	-1	-1	-1	-1	-1	-1	-1	-1	-1	-1	-1	-1	-1	-1	-1	-1	-1	-1	-1	-1	
140	-1	-1	-1	80	0	-1	-1	55	-1	0	-1	234	-1	129	-1	129	-1	-1	140	-1	-1	-1	-1	-1	-1	-1	-1	-1	-1	-1	-1	-1	-1	-1	-1	-1	-1	-1	-1	-1	-1	-1	-1	-1	-1	
140	-1	-1	-1	80	0	-1	-1	50	-1	0	-1	234	-1	128	-1	128	-1	-1	140	-1	-1	-1	-1	-1	-1	-1	-1	-1	-1	-1	-1	-1	-1	-1	-1	-1	-1	-1	-1	-1	-1	-1	-1	-1	-1	
140	-1	-1	-1	80	0	-1	-1	45	-1	0	-1	234	-1	128	-1	128	-1	-1	140	-1	-1	-1	-1	-1	-1	-1	-1	-1	-1	-1	-1	-1	-1	-1	-1	-1	-1	-1	-1	-1	-1	-1	-1	-1	-1	
140	-1	-1	-1	80	0	-1	-1	50	-1	0	-1	235	-1	128	-1	128	-1	-1	140	-1	-1	-1	-1	-1	-1	-1	-1	-1	-1	-1	-1	-1	-1	-1	-1	-1	-1	-1	-1	-1	-1	-1	-1	-1	-1	
140	-1	-1	-1	80	0	-1	-1	40	-1	0	-1	235	-1	128	-1	128	-1	-1	140	-1	-1	-1	-1	-1	-1	-1	-1	-1	-1	-1	-1	-1	-1	-1	-1	-1	-1	-1	-1	-1	-1	-1	-1	-1	-1	
140	-1	-1	-1	80	0	-1	-1	30	-1	0	-1	233	-1	128	-1	128	-1	-1	140	-1	-1	-1	-1	-1	-1	-1	-1	-1	-1	-1	-1	-1	-1	-1	-1	-1	-1	-1	-1	-1	-1	-1	-1	-1	-1	
140	-1	-1	-1	80	0	-1	-1	25	-1	0	-1	235	-1	128	-1	128	-1	-1	140	-1	-1	-1	-1	-1	-1	-1	-1	-1	-1	-1	-1	-1	-1	-1	-1	-1	-1	-1	-1	-1	-1	-1	-1	-1	-1	
140	-1	-1	-1	80	0	-1	-1	20	-1	0	-1	236	-1	128	-1	128	-1	-1	140	-1	-1	-1	-1	-1	-1	-1	-1	-1	-1	-1	-1	-1	-1	-1	-1	-1	-1	-1	-1	-1	-1	-1	-1	-1	-1	
140	-1	-1	-1	80	0	-1	-1	20	-1	0	-1	235	-1	127	-1	127	-1	-1	140	-1	-1	-1	-1	-1	-1	-1	-1	-1	-1	-1	-1	-1	-1	-1	-1	-1	-1	-1	-1	-1	-1	-1	-1	-1	-1	
140	-1	-1	-1	80	0	-1	-1	20	-1	0	-1	236	-1	128	-1	128	-1	-1	140	-1	-1	-1	-1	-1	-1	-1	-1	-1	-1	-1	-1	-1	-1	-1	-1	-1	-1	-1	-1	-1	-1	-1	-1	-1	-1	
140	-1	-1	-1	80	0	-1	-1	20	-1	0	-1	234	-1	128	-1	128	-1	-1	140	-1	-1	-1	-1	-1	-1	-1	-1	-1	-1	-1	-1	-1	-1	-1	-1	-1	-1	-1	-1	-1	-1	-1	-1	-1	-1	
140	-1	-1	-1	80	0	-1	-1	20	-1	0	-1	231	-1	128	-1	128	-1	-1	140	-1	-1	-1	-1	-1	-1	-1	-1	-1	-1	-1	-1	-1	-1	-1	-1	-1	-1	-1	-1	-1	-1	-1	-1	-1	-1	
140	-1	-1	-1	80	0	-1	-1	25	-1	0	-1	228	-1	128	-1	128	-1	-1	140	-1	-1	-1	-1	-1	-1	-1	-1	-1	-1	-1	-1	-1	-1	-1	-1	-1	-1	-1	-1	-1	-1	-1	-1	-1	-1	
140	-1	-1	-1	80	0	-1	-1	35	-1	0	-1	223	-1	128	-1	128	-1	-1	140	-1	-1	-1	-1	-1	-1	-1	-1	-1	-1	-1	-1	-1	-1	-1	-1	-1	-1	-1	-1	-1	-1	-1	-1	-1	-1	
140	-1	-1	-1	80	0	-1	-1	40	-1	0	-1	218	-1	128	-1	128	-1	-1	140	-1	-1	-1	-1	-1	-1	-1	-1	-1	-1	-1	-1	-1	-1	-1	-1	-1	-1	-1	-1	-1	-1	-1	-1	-1	-1	
140	-1	-1	-1	80	0	-1	-1	40	-1	0	-1	210	-1	128	-1	128	-1	-1	140	-1	-1	-1	-1	-1	-1	-1	-1	-1	-1	-1	-1	-1	-1	-1	-1	-1	-1	-1	-1	-1	-1	-1	-1	-1	-1	
140	-1	-1	-1	80	0	-1	-1	40	-1	0	-1	201	-1	128	-1	128	-1	-1	140	-1	-1	-1	-1	-1	-1	-1	-1	-1	-1	-1	-1	-1	-1	-1	-1	-1	-1	-1	-1	-1	-1	-1	-1	-1	-1	
140	-1	-1	-1	80	0	-1	-1	40	-1	0	-1	193	-1	128	-1	128	-1	-1	140	-1	-1	-1	-1	-1	-1	-1	-1	-1	-1	-1	-1	-1	-1	-1	-1	-1	-1	-1	-1	-1	-1	-1	-1	-1	-1	
140	-1	-1	-1	80	0	-1	-1	40	-1	0	-1	183	-1	128	-1	128	-1	-1	140	-1	-1	-1	-1	-1	-1	-1	-1	-1	-1	-1	-1	-1	-1	-1	-1	-1	-1	-1	-1	-1	-1	-1	-1	-1	-1	
140	-1	-1	-1	80	0	-1	-1	40	-1	0	-1	174	-1	128	-1	128	-1	-1	140	-1	-1	-1	-1	-1	-1	-1	-1	-1	-1	-1	-1	-1	-1	-1	-1	-1	-1	-1	-1	-1	-1	-1	-1	-1	-1	
140	-1	-1	-1	80	0	-1	-1	40	-1	0	-1	165	-1	128	-1	128	-1	-1	140	-1	-1	-1	-1	-1	-1	-1	-1	-1	-1	-1	-1	-1	-1	-1	-1	-1	-1	-1	-1	-1	-1	-1	-1	-1	-1	
140	-1	-1	-1	80	0	-1	-1	40	-1	0	-1	157	-1	128	-1	128	-1	-1	140	-1	-1	-1	-1	-1	-1	-1	-1	-1	-1	-1	-1	-1	-1	-1	-1	-1	-1	-1	-1	-1	-1	-1	-1	-1	-1	
140	-1	-1	-1	80	0	-1	-1	40	-1	0	-1	149	-1	128	-1	128	-1	-1	140	-1	-1	-1	-1	-1	-1	-1	-1	-1	-1	-1	-1	-1	-1	-1	-1	-1	-1	-1	-1	-1	-1	-1	-1	-1	-1	
140	-1	-1	-1	80	0	-1	-1	40	-1	0	-1	141	-1	128	-1	128	-1	-1	140	-1	-1	-1	-1	-1	-1	-1	-1	-1	-1	-1	-1	-1	-1	-1	-1	-1	-1	-1	-1	-1	-1	-1	-1	-1	-1	
140	-1	-1	-1	80	0	-1	-1	40	-1	0	-1	134	-1	128	-1	128	-1	-1	140	-1	-1	-1	-1	-1	-1	-1	-1	-1	-1	-1	-1	-1	-1	-1	-1	-1	-1	-1	-1	-1	-1	-1	-1	-1	-1	
140	-1	-1	-1	80	0	-1	-1	35	-1	0	-1	128	-1	128	-1	128	-1	-1	140	-1	-1	-1	-1	-1	-1	-1	-1	-1	-1	-1	-1	-1	-1	-1	-1	-1	-1	-1	-1	-1	-1	-1	-1	-1	-1	
140	-1	-1	-1	80	0	-1	-1	35	-1	0	-1	121	-1	128	-1	128	-1	-1	140	-1	-1	-1	-1	-1	-1	-1	-1	-1	-1	-1	-1	-1	-1	-1	-1	-1	-1	-1	-1	-1	-1	-1	-1	-1	-1	
140	-1	-1	-1	80	0	-1	-1	35	-1	0	-1	115	-1	128	-1	128	-1	-1	140	-1	-1	-1	-1	-1	-1	-1	-1	-1	-1	-1	-1	-1	-1	-1	-1	-1	-1	-1	-1	-1	-1	-1	-1	-1	-1	
140	-1	-1	-1	80	0	-1	-1	35	-1	0	-1	109	-1	128	-1	128	-1	-1	140	-1	-1	-1	-1	-1	-1	-1	-1	-1	-1	-1	-1	-1	-1	-1	-1	-1	-1	-1	-1	-1	-1	-1	-1	-1	-1	
140	-1	-1	-1	80	0	-1	-1	35	-1	0	-1	104	-1	128	-1	128	-1	-1	140	-1	-1	-1	-1	-1	-1	-1	-1	-1	-1	-1	-1	-1	-1	-1	-1	-1	-1	-1	-1	-1	-1	-1	-1	-1	-1	
140	-1	-1	-1	80	0	-1	-1	35	-1	0	-1	99	-1	128	-1	128	-1	-1	140	-1	-1	-1	-1	-1	-1	-1	-1	-1	-1	-1	-1	-1	-1	-1	-1	-1	-1	-1	-1	-1	-1	-1	-1	-1	-1	
140	-1	-1	-1	80	0	-1	-1	35	-1	0	-1	94	-1	128	-1	128	-1	-1	140	-1	-1	-1	-1	-1	-1	-1	-1	-1	-1	-1	-1	-1	-1	-1	-1	-1	-1	-1	-1	-1	-1	-1	-1	-1	-1	
140	-1	-1	-1	80	0	-1	-1	35	-1	0	-1	89	-1	128	-1	128	-1	-1	140	-1	-1	-1	-1	-1	-1	-1	-1	-1	-1	-1	-1	-1	-1	-1	-1	-1	-1	-1	-1	-1	-1	-1	-1	-1	-1	
140	-1	-1	-1	80	0	-1	-1	35	-1	0	-1	84	-1	128	-1	128	-1	-1	140	-1	-1	-1	-1	-1	-1	-1	-1	-1	-1	-1	-1	-1	-1	-1	-1	-1	-1	-1	-1	-1	-1	-1	-1	-1	-1	
140	-1	-1	-1	80	0	-1	-1	35	-1	0	-1	80	-1	128	-1	128	-1	-1	140	-1	-1	-1	-1	-1	-1	-1	-1	-1	-1	-1	-1	-1	-1	-1	-1	-1	-1	-1	-1	-1	-1	-1	-1	-1	-1	
140	-1	-1	-1	80	0	-1	-1	35	-1	0	-1	76	-1	128	-1	128	-1	-1	140	-1	-1	-1	-1	-1	-1	-1	-1	-1	-1	-1	-1	-1	-1	-1	-1	-1	-1	-1	-1	-1	-1	-1	-1	-1	-1	
140	-1	-1	-1	80	0	-1	-1	35	-1	0	-1	72	-1	128	-1	128	-1	-1	140	-1	-1	-1	-1	-1	-1	-1	-1	-1	-1	-1	-1	-1	-1	-1	-1	-1	-1	-1	-1	-1	-1	-1	-1	-1	-1	
140	-1	-1	-1	80	0	-1	-1	35	-1	0	-1	69	-1	128	-1	128	-1	-1	140	-1	-1	-1	-1	-1	-1	-1	-1	-1	-1	-1	-1	-1	-1	-1	-1	-1	-1	-1	-1	-1	-1	-1	-1	-1	-1	
140	-1	-1	-1	80	0	-1	-1	30	-1	0	-1	65	-1	128	-1	128	-1	-1	140	-1	-1	-1	-1	-1	-1	-1	-1	-1	-1	-1	-1	-1	-1	-1	-1	-1	-1	-1	-1	-1	-1	-1	-1	-1	-1	
140	-1	-1	-1	80	0	-1	-1	30	-1	0	-1	62	-1	128	-1	128	-1	-1	140	-1	-1	-1	-1	-1	-1	-1	-1	-1	-1	-1	-1	-1	-1	-1	-1	-1	-1	-1	-1	-1	-1	-1	-1	-1	-1	
140	-1	-1	-1	80	0	-1	-1	30	-1	0	-1	59	-1	128	-1	128	-1	-1	140	-1	-1	-1	-1	-1	-1	-1	-1	-1	-1	-1	-1	-1	-1	-1	-1	-1	-1	-1	-1	-1	-1	-1	-1	-1	-1	
140	-1	-1	-1	80	0	-1	-1	30	-1	0	-1	56	-1	128	-1	128	-1	-1	140	-1	-1	-1	-1	-1	-1	-1	-1	-1	-1	-1	-1	-1	-1	-1	-1	-1	-1	-1	-1	-1	-1	-1	-1	-1	-1	
140	-1	-1	-1	80	0	-1	-1	30	-1	0	-1	53	-1	128	-1	128	-1	-1	140	-1	-1	-1	-1	-1	-1	-1	-1	-1	-1	-1	-1	-1	-1	-1	-1	-1	-1	-1	-1	-1	-1	-1	-1	-1	-1	
140	-1	-1	-1	80	0	-1	-1	30	-1	0	-1	50	-1	128	-1	128	-1	-1	140	-1	-1	-1	-1	-1	-1	-1	-1	-1	-1	-1	-1	-1	-1	-1	-1	-1	-1	-1	-1	-1	-1	-1	-1	-1	-1	
140	-1	-1	-1	80	0	-1	-1	30	-1	0	-1	48	-1	128	-1	128	-1	-1	140	-1	-1	-1	-1	-1	-1	-1	-1	-1	-1	-1	-1	-1	-1	-1	-1	-1	-1	-1	-1	-1	-1	-1	-1	-1	-1	
140	-1	-1	-1	80	0	-1	-1	30	-1	0	-1	45	-1	128	-1	128	-1	-1	140	-1	-1	-1	-1	-1	-1	-1	-1	-1	-1	-1	-1	-1	-1	-1	-1	-1	-1	-1	-1	-1	-1	-1	-1	-1	-1	
140	-1	-1	-1	80	0	-1	-1	30	-1	0	-1	43	-1	128	-1	128	-1	-1	140	-1	-1	-1	-1	-1	-1	-1	-1	-1	-1	-1	-1	-1	-1	-1	-1	-1	-1	-1	-1	-1	-1	-1	-1	-1	-1	
140	-1	-1	-1	80	0	-1	-1	30	-1	0	-1	41	-1	128	-1	128	-1	-1	140	-1	-1	-1	-1	-1	-1	-1	-1	-1	-1	-1	-1	-1	-1	-1	-1	-1	-1	-1	-1	-1	-1	-1	-1	-1	-1	
140	-1	-1	-1	80	0	-1	-1	30	-1	0	-1	39	-1	128	-1	128	-1	-1	140	-1	-1	-1	-1	-1	-1	-1	-1	-1	-1	-1	-1	-1	-1	-1	-1	-1	-1	-1	-1	-1	-1	-1	-1	-1	-1	
140	-1	-1	-1	80	0	-1	-1	25	-1	0	-1	37	-1	128	-1	128	-1	-1	140	-1	-1	-1	-1	-1	-1	-1	-1	-1	-1	-1	-1	-1	-1	-1	-1	-1	-1	-1	-1	-1	-1	-1	-1	-1	-1	
140	-1	-1	-1	80	0	-1	-1	25	-1	0	-1	35	-1	128	-1	128	-1	-1	140	-1	-1	-1	-1	-1	-1	-1	-1	-1	-1	-1	-1	-1	-1	-1	-1	-1	-1	-1	-1	-1	-1	-1	-1	-1	-1	
140	-1	-1	-1	80	0	-1	-1	25	-1	0	-1	33	-1	128	-1	128	-1	-1	140	-1	-1	-1	-1	-1	-1	-1	-1	-1	-1	-1	-1	-1	-1	-1	-1	-1	-1	-1	-1	-1	-1	-1	-1	-1	-1	
140	-1	-1	-1	80	0	-1	-1	25	-1	0	-1	31	-1	128	-1	128	-1	-1	140	-1	-1	-1	-1	-1	-1	-1	-1	-1	-1	-1	-1	-1	-1	-1	-1	-1	-1	-1	-1	-1	-1	-1	-1	-1	-1	
140	-1	-1	-1	80	0	-1	-1	25	-1	0	-1	30	-1	128	-1	128	-1	-1	140	-1	-1	-1	-1	-1	-1	-1	-1	-1	-1	-1	-1	-1	-1	-1	-1	-1	-1	-1	-1	-1	-1	-1	-1	-1	-1	
140	-1	-1	-1	80	0	-1	-1	25	-1	0	-1	28	-1	128	-1	128	-1	-1	140	-1	-1	-1	-1	-1	-1	-1	-1	-1	-1	-1	-1	-1	-1	-1	-1	-1	-1	-1	-1	-1	-1	-1	-1	-1	-1	
140	-1	-1	-1	80	0	-1	-1	25	-1	0	-1	27	-1	128	-1	128	-1	-1	140	-1	-1	-1	-1	-1	-1	-1	-1	-1	-1	-1	-1	-1	-1	-1	-1	-1	-1	-1	-1	-1	-1	-1	-1	-1	-1	
140	-1	-1	-1	80	0	-1	-1	25	-1	0	-1	26	-1	128	-1	128	-1	-1	140	-1	-1	-1	-1	-1	-1	-1	-1	-1	-1	-1	-1	-1	-1	-1	-1	-1	-1	-1	-1	-1	-1	-1	-1	-1	-1	
140	-1	-1	-1	80	0	-1	-1	20	-1	0	-1	24	-1	128	-1	128	-1	-1	140	-1	-1	-1	-1	-1	-1	-1	-1	-1	-1	-1	-1	-1	-1	-1	-1	-1	-1	-1	-1	-1	-1	-1	-1	-1	-1	
140	-1	-1	-1	80	0	-1	-1	20	-1	0	-1	23	-1	128	-1	128	-1	-1	140	-1	-1	-1	-1	-1	-1	-1	-1	-1	-1	-1	-1	-1	-1	-1	-1	-1	-1	-1	-1	-1	-1	-1	-1	-1	-1	
140	-1	-1	-1	80	0	-1	-1	20	-1	0	-1	22	-1	128	-1	128	-1	-1	140	-1	-1	-1	-1	-1	-1	-1	-1	-1	-1	-1	-1	-1	-1	-1	-1	-1	-1	-1	-1	-1	-1	-1	-1	-1	-1	
140	-1	-1	-1	80	0	-1	-1	20	-1	0	-1	21	-1	128	-1	128	-1	-1	140	-1	-1	-1	-1	-1	-1	-1	-1	-1	-1	-1	-1	-1	-1	-1	-1	-1	-1	-1	-1	-1	-1	-1	-1	-1	-1	
140	-1	-1	-1	80	0	-1	-1	20	-1	0	-1	20	-1	128	-1	128	-1	-1	140	-1	-1	-1	-1	-1	-1	-1	-1	-1	-1	-1	-1	-1	-1	-1	-1	-1	-1	-1	-1	-1	-1	-1	-1	-1	-1	
140	-1	-1	-1	80	0	-1	-1	20	-1	0	-1	19	-1	128	-1	128	-1	-1	140	-1	-1	-1	-1	-1	-1	-1	-1	-1	-1	-1	-1	-1	-1	-1	-1	-1	-1	-1	-1	-1	-1	-1	-1	-1	-1	
140	-1	-1	-1	80	0	-1	-1	20	-1	0	-1	18	-1	128	-1	128	-1	-1	140	-1	-1	-1	-1	-1	-1	-1	-1	-1	-1	-1	-1	-1	-1	-1	-1	-1	-1	-1	-1	-1	-1	-1	-1	-1	-1	
140	-1	-1	-1	80	0	-1	-1	20	-1	0	-1	17	-1	128	-1	128	-1	-1	140	-1	-1	-1	-1	-1	-1	-1	-1	-1	-1	-1	-1	-1	-1	-1	-1	-1	-1	-1	-1	-1	-1	-1	-1	-1	-1	
140	-1	-1	-1	80	0	-1	-1	20	-1	0	-1	16	-1	128	-1	128	-1	-1	140	-1	-1	-1	-1	-1	-1	-1	-1	-1	-1	-1	-1	-1	-1	-1	-1	-1	-1	-1	-1	-1	-1	-1	-1	-1	-1	
140	-1	-1	-1	80	0	-1	-1	20	-1	0	-1	15	-1	128	-1	128	-1	-1	140	-1	-1	-1	-1	-1	-1	-1	-1	-1	-1	-1	-1	-1	-1	-1	-1	-1	-1	-1	-1	-1	-1	-1	-1	-1	-1	
140	-1	-1	-1	80	0	-1	-1	20	-1	0	-1	14	-1	128	-1	128	-1	-1	140	-1	-1	-1	-1	-1	-1	-1	-1	-1	-1	-1	-1	-1	-1	-1	-1	-1	-1	-1	-1	-1	-1	-1	-1	-1	-1	
140	-1	-1	-1	80	0	-1	-1	15	-1	0	-1	13	-1	128	-1	128	-1	-1	140	-1	-1	-1	-1	-1	-1	-1	-1	-1	-1	-1	-1	-1	-1	-1	-1	-1	-1	-1	-1	-1	-1	-1	-1	-1	-1	
140	-1	-1	-1	80	0	-1	-1	15	-1	0	-1	13	-1	128	-1	128	-1	-1	140	-1	-1	-1	-1	-1	-1	-1	-1	-1	-1	-1	-1	-1	-1	-1	-1	-1	-1	-1	-1	-1	-1	-1	-1	-1	-1	
140	-1	-1	-1	80	0	-1	-1	15	-1	0	-1	12	-1	128	-1	128	-1	-1	140	-1	-1	-1	-1	-1	-1	-1	-1	-1	-1	-1	-1	-1	-1	-1	-1	-1	-1	-1	-1	-1	-1	-1	-1	-1	-1	
140	-1	-1	-1	80	0	-1	-1	15	-1	0	-1	11	-1	128	-1	128	-1	-1	140	-1	-1	-1	-1	-1	-1	-1	-1	-1	-1	-1	-1	-1	-1	-1	-1	-1	-1	-1	-1	-1	-1	-1	-1	-1	-1	
140	-1	-1	-1	80	0	-1	-1	15	-1	0	-1	11	-1	128	-1	128	-1	-1	140	-1	-1	-1	-1	-1	-1	-1	-1	-1	-1	-1	-1	-1	-1	-1	-1	-1	-1	-1	-1	-1	-1	-1	-1	-1	-1	
140	-1	-1	-1	80	0	-1	-1	15	-1	0	-1	10	-1	128	-1	128	-1	-1	140	-1	-1	-1	-1	-1	-1	-1	-1	-1	-1	-1	-1	-1	-1	-1	-1	-1	-1	-1	-1	-1	-1	-1	-1	-1	-1	
140	-1	-1	-1	80	0	-1	-1	15	-1	0	-1	10	-1	128	-1	128	-1	-1	140	-1	-1	-1	-1	-1	-1	-1	-1	-1	-1	-1	-1	-1	-1	-1	-1	-1	-1	-1	-1	-1	-1	-1	-1	-1	-1	
140	-1	-1	-1	80	0	-1	-1	15	-1	0	-1	9	-1	128	-1	128	-1	-1	140	-1	-1	-1	-1	-1	-1	-1	-1	-1	-1	-1	-1	-1	-1	-1	-1	-1	-1	-1	-1	-1	-1	-1	-1	-1	-1	
140	-1	-1	-1	80	0	-1	-1	15	-1	0	-1	9	-1	128	-1	128	-1	-1	140	-1	-1	-1	-1	-1	-1	-1	-1	-1	-1	-1	-1	-1	-1	-1	-1	-1	-1	-1	-1	-1	-1	-1	-1	-1	-1	
140	-1	-1	-1	80	0	-1	-1	15	-1	0	-1	8	-1	128	-1	128	-1	-1	140	-1	-1	-1	-1	-1	-1	-1	-1	-1	-1	-1	-1	-1	-1	-1	-1	-1	-1	-1	-1	-1	-1	-1	-1	-1	-1	
140	-1	-1	-1	80	0	-1	-1	15	-1	0	-1	8	-1	128	-1	128	-1	-1	140	-1	-1	-1	-1	-1	-1	-1	-1	-1	-1	-1	-1	-1	-1	-1	-1	-1	-1	-1	-1	-1	-1	-1	-1	-1	-1	
140	-1	-1	-1	80	0	-1	-1	15	-1	0	-1	7	-1	128	-1	128	-1	-1	140	-1	-1	-1	-1	-1	-1	-1	-1	-1	-1	-1	-1	-1	-1	-1	-1	-1	-1	-1	-1	-1	-1	-1	-1	-1	-1	
140	-1	-1	-1	80	0	-1	-1	15	-1	0	-1	7	-1	128	-1	128	-1	-1	140	-1	-1	-1	-1	-1	-1	-1	-1	-1	-1	-1	-1	-1	-1	-1	-1	-1	-1	-1	-1	-1	-1	-1	-1	-1	-1	
140	-1	-1	-1	80	0	-1	-1	15	-1	0	-1	7	-1	128	-1	128	-1	-1	140	-1	-1	-1	-1	-1	-1	-1	-1	-1	-1	-1	-1	-1	-1	-1	-1	-1	-1	-1	-1	-1	-1	-1	-1	-1	-1	
140	-1	-1	-1	80	0	-1	-1	10	-1	0	-1	6	-1	128	-1	128	-1	-1	140	-1	-1	-1	-1	-1	-1	-1	-1	-1	-1	-1	-1	-1	-1	-1	-1	-1	-1	-1	-1	-1	-1	-1	-1	-1	-1	
140	-1	-1	-1	80	0	-1	-1	10	-1	0	-1	6	-1	128	-1	128	-1	-1	140	-1	-1	-1	-1	-1	-1	-1	-1	-1	-1	-1	-1	-1	-1	-1	-1	-1	-1	-1	-1	-1	-1	-1	-1	-1	-1	
140	-1	-1	-1	80	0	-1	-1	10	-1	0	-1	6	-1	128	-1	128	-1	-1	140	-1	-1	-1	-1	-1	-1	-1	-1	-1	-1	-1	-1	-1	-1	-1	-1	-1	-1	-1	-1	-1	-1	-1	-1	-1	-1	
140	-1	-1	-1	80	0	-1	-1	10	-1	0	-1	5	-1	128	-1	128	-1	-1	140	-1	-1	-1	-1	-1	-1	-1	-1	-1	-1	-1	-1	-1	-1	-1	-1	-1	-1	-1	-1	-1	-1	-1	-1	-1	-1	
140	-1	-1	-1	80	0	-1	-1	10	-1	0	-1	5	-1	128	-1	128	-1	-1	140	-1	-1	-1	-1	-1	-1	-1	-1	-1	-1	-1	-1	-1	-1	-1	-1	-1	-1	-1	-1	-1	-1	-1	-1	-1	-1	
140	-1	-1	-1	80	0	-1	-1	10	-1	0	-1	5	-1	128	-1	128	-1	-1	140	-1	-1	-1	-1	-1	-1	-1	-1	-1	-1	-1	-1	-1	-1	-1	-1	-1	-1	-1	-1	-1	-1	-1	-1	-1	-1	
140	-1	-1	-1	80	0	-1	-1	0	-1	0	-1	0	-1	-1	-1	-1	-1	-1	140	-1	-1	-1	-1	-1	-1	-1	-1	-1	-1	-1	-1	-1	-1	-1	-1	-1	-1	-1	-1	-1	-1	-1	-1	-1	-1	
140	-1	-1	-1	80	0	-1	-1	0	-1	0	-1	0	-1	-1	-1	-1	-1	-1	140	-1	-1	-1	-1	-1	-1	-1	-1	-1	-1	-1	-1	-1	-1	-1	-1	-1	-1	-1	-1	-1	-1	-1	-1	-1	-1	
140	-1	-1	-1	80	0	-1	-1	0	-1	0	-1	0	-1	-1	-1	-1	-1	-1	140	-1	-1	-1	-1	-1	-1	-1	-1	-1	-1	-1	-1	-1	-1	-1	-1	-1	-1	-1	-1	-1	-1	-1	-1	-1	-1	
140	-1	-1	-1	80	0	-1	-1	0	-1	0	-1	0	-1	-1	-1	-1	-1	-1	140	-1	-1	-1	-1	-1	-1	-1	-1	-1	-1	-1	-1	-1	-1	-1	-1	-1	-1	-1	-1	-1	-1	-1	-1	-1	-1	
-1	-1	-1	-1	-1	-1	-1	-1	0	-1	0	-1	0	-1	-1	-1	-1	-1	-1	-1	-1	-1	-1	-1	-1	-1	-1	-1	-1	-1	-1	-1	-1	-1	-1	-1	-1	-1	-1	-1	-1	-1	-1	-1	-1	-1	
