comment: this file was generated by carlos-svtools.
64	128	0	128	0	0	0	0	0	0	0	0	0	128	128	128	128	128	128	140	0	64	0	64	112	55	211	255	165	0	0	0	0	128	38	64	96	50	181	255	255	0	0	0	0	0
1	2	3	4	5	6	7	8	9	10	11	12	13	14	15	16	17	18	19	20	21	22	23	24	25	26	27	28	29	30	31	32	33	34	35	36	37	38	39	40	41	42	43	44	45	46	
10	155	46
140	-1	-1	-1	80	0	-1	-1	0	-1	0	-1	0	-1	-1	-1	-1	-1	-1	140	-1	-1	-1	-1	-1	-1	-1	-1	-1	-1	-1	-1	-1	-1	-1	-1	-1	-1	-1	-1	-1	-1	-1	-1	-1	-1	
140	-1	-1	-1	80	0	-1	-1	0	-1	0	-1	0	-1	-1	-1	-1	-1	-1	140	-1	-1	-1	-1	-1	-1	-1	-1	-1	-1	-1	-1	-1	-1	-1	-1	-1	-1	-1	-1	-1	-1	-1	-1	-1	-1	
140	-1	-1	-1	80	0	-1	-1	0	-1	0	-1	0	-1	-1	-1	-1	-1	-1	140	-1	-1	-1	-1	-1	-1	-1	-1	-1	-1	-1	-1	-1	-1	-1	-1	-1	-1	-1	-1	-1	-1	-1	-1	-1	-1	
140	-1	-1	-1	80	0	-1	-1	0	-1	0	-1	0	-1	-1	-1	-1	-1	-1	140	-1	-1	-1	-1	-1	-1	-1	-1	-1	-1	-1	-1	-1	-1	-1	-1	-1	-1	-1	-1	-1	-1	-1	-1	-1	-1	
140	-1	-1	-1	80	0	-1	-1	0	-1	50	-1	128	-1	129	-1	129	-1	-1	140	-1	-1	-1	-1	-1	-1	-1	-1	-1	-1	-1	-1	-1	-1	-1	-1	-1	-1	-1	-1	-1	-1	-1	-1	-1	-1	
140	-1	-1	-1	80	0	-1	-1	0	-1	54	-1	140	-1	130	-1	130	-1	-1	140	-1	-1	-1	-1	-1	-1	-1	-1	-1	-1	-1	-1	-1	-1	-1	-1	-1	-1	-1	-1	-1	-1	-1	-1	-1	-1	
140	-1	-1	-1	80	0	-1	-1	0	-1	58	-1	128	-1	130	-1	130	-1	-1	140	-1	-1	-1	-1	-1	-1	-1	-1	-1	-1	-1	-1	-1	-1	-1	-1	-1	-1	-1	-1	-1	-1	-1	-1	-1	-1	
140	-1	-1	-1	80	0	-1	-1	0	-1	62	-1	119	-1	131	-1	131	-1	-1	140	-1	-1	-1	-1	-1	-1	-1	-1	-1	-1	-1	-1	-1	-1	-1	-1	-1	-1	-1	-1	-1	-1	-1	-1	-1	-1	
140	-1	-1	-1	80	0	-1	-1	0	-1	60	-1	114	-1	131	-1	131	-1	-1	140	-1	-1	-1	-1	-1	-1	-1	-1	-1	-1	-1	-1	-1	-1	-1	-1	-1	-1	-1	-1	-1	-1	-1	-1	-1	-1	
140	-1	-1	-1	80	0	-1	-1	0	-1	58	-1	119	-1	132	-1	132	-1	-1	140	-1	-1	-1	-1	-1	-1	-1	-1	-1	-1	-1	-1	-1	-1	-1	-1	-1	-1	-1	-1	-1	-1	-1	-1	-1	-1	
140	-1	-1	-1	80	0	-1	-1	0	-1	56	-1	121	-1	133	-1	133	-1	-1	140	-1	-1	-1	-1	-1	-1	-1	-1	-1	-1	-1	-1	-1	-1	-1	-1	-1	-1	-1	-1	-1	-1	-1	-1	-1	-1	
140	-1	-1	-1	80	0	-1	-1	0	-1	56	-1	113	-1	133	-1	133	-1	-1	140	-1	-1	-1	-1	-1	-1	-1	-1	-1	-1	-1	-1	-1	-1	-1	-1	-1	-1	-1	-1	-1	-1	-1	-1	-1	-1	
140	-1	-1	-1	80	0	-1	-1	0	-1	54	-1	106	-1	134	-1	134	-1	-1	140	-1	-1	-1	-1	-1	-1	-1	-1	-1	-1	-1	-1	-1	-1	-1	-1	-1	-1	-1	-1	-1	-1	-1	-1	-1	-1	
140	-1	-1	-1	80	0	-1	-1	0	-1	44	-1	98	-1	134	-1	134	-1	-1	140	-1	-1	-1	-1	-1	-1	-1	-1	-1	-1	-1	-1	-1	-1	-1	-1	-1	-1	-1	-1	-1	-1	-1	-1	-1	-1	
140	-1	-1	-1	80	0	-1	-1	0	-1	36	-1	94	-1	135	-1	135	-1	-1	140	-1	-1	-1	-1	-1	-1	-1	-1	-1	-1	-1	-1	-1	-1	-1	-1	-1	-1	-1	-1	-1	-1	-1	-1	-1	-1	
140	-1	-1	-1	80	0	-1	-1	0	-1	28	-1	88	-1	135	-1	135	-1	-1	140	-1	-1	-1	-1	-1	-1	-1	-1	-1	-1	-1	-1	-1	-1	-1	-1	-1	-1	-1	-1	-1	-1	-1	-1	-1	-1	
140	-1	-1	-1	80	0	-1	-1	0	-1	18	-1	82	-1	136	-1	136	-1	-1	140	-1	-1	-1	-1	-1	-1	-1	-1	-1	-1	-1	-1	-1	-1	-1	-1	-1	-1	-1	-1	-1	-1	-1	-1	-1	-1	
140	-1	-1	-1	80	0	-1	-1	0	-1	6	-1	76	-1	136	-1	136	-1	-1	140	-1	-1	-1	-1	-1	-1	-1	-1	-1	-1	-1	-1	-1	-1	-1	-1	-1	-1	-1	-1	-1	-1	-1	-1	-1	-1	
140	-1	-1	-1	80	0	-1	-1	5	-1	0	-1	71	-1	137	-1	137	-1	-1	140	-1	-1	-1	-1	-1	-1	-1	-1	-1	-1	-1	-1	-1	-1	-1	-1	-1	-1	-1	-1	-1	-1	-1	-1	-1	-1	
140	-1	-1	-1	80	0	-1	-1	30	-1	0	-1	70	-1	137	-1	137	-1	-1	140	-1	-1	-1	-1	-1	-1	-1	-1	-1	-1	-1	-1	-1	-1	-1	-1	-1	-1	-1	-1	-1	-1	-1	-1	-1	-1	
140	-1	-1	-1	80	0	-1	-1	60	-1	0	-1	71	-1	137	-1	137	-1	-1	140	-1	-1	-1	-1	-1	-1	-1	-1	-1	-1	-1	-1	-1	-1	-1	-1	-1	-1	-1	-1	-1	-1	-1	-1	-1	-1	
140	-1	-1	-1	80	0	-1	-1	85	-1	0	-1	74	-1	137	-1	137	-1	-1	140	-1	-1	-1	-1	-1	-1	-1	-1	-1	-1	-1	-1	-1	-1	-1	-1	-1	-1	-1	-1	-1	-1	-1	-1	-1	-1	
140	-1	-1	-1	80	0	-1	-1	85	-1	0	-1	74	-1	138	-1	138	-1	-1	140	-1	-1	-1	-1	-1	-1	-1	-1	-1	-1	-1	-1	-1	-1	-1	-1	-1	-1	-1	-1	-1	-1	-1	-1	-1	-1	
140	-1	-1	-1	80	0	-1	-1	85	-1	0	-1	72	-1	138	-1	138	-1	-1	140	-1	-1	-1	-1	-1	-1	-1	-1	-1	-1	-1	-1	-1	-1	-1	-1	-1	-1	-1	-1	-1	-1	-1	-1	-1	-1	
140	-1	-1	-1	80	0	-1	-1	80	-1	0	-1	70	-1	138	-1	138	-1	-1	140	-1	-1	-1	-1	-1	-1	-1	-1	-1	-1	-1	-1	-1	-1	-1	-1	-1	-1	-1	-1	-1	-1	-1	-1	-1	-1	
140	-1	-1	-1	80	0	-1	-1	75	-1	0	-1	68	-1	138	-1	138	-1	-1	140	-1	-1	-1	-1	-1	-1	-1	-1	-1	-1	-1	-1	-1	-1	-1	-1	-1	-1	-1	-1	-1	-1	-1	-1	-1	-1	
140	-1	-1	-1	80	0	-1	-1	65	-1	0	-1	65	-1	138	-1	138	-1	-1	140	-1	-1	-1	-1	-1	-1	-1	-1	-1	-1	-1	-1	-1	-1	-1	-1	-1	-1	-1	-1	-1	-1	-1	-1	-1	-1	
140	-1	-1	-1	80	0	-1	-1	55	-1	0	-1	62	-1	138	-1	138	-1	-1	140	-1	-1	-1	-1	-1	-1	-1	-1	-1	-1	-1	-1	-1	-1	-1	-1	-1	-1	-1	-1	-1	-1	-1	-1	-1	-1	
140	-1	-1	-1	80	0	-1	-1	40	-1	0	-1	59	-1	138	-1	138	-1	-1	140	-1	-1	-1	-1	-1	-1	-1	-1	-1	-1	-1	-1	-1	-1	-1	-1	-1	-1	-1	-1	-1	-1	-1	-1	-1	-1	
140	-1	-1	-1	80	0	-1	-1	25	-1	0	-1	56	-1	138	-1	138	-1	-1	140	-1	-1	-1	-1	-1	-1	-1	-1	-1	-1	-1	-1	-1	-1	-1	-1	-1	-1	-1	-1	-1	-1	-1	-1	-1	-1	
140	-1	-1	-1	80	0	-1	-1	5	-1	0	-1	53	-1	138	-1	138	-1	-1	140	-1	-1	-1	-1	-1	-1	-1	-1	-1	-1	-1	-1	-1	-1	-1	-1	-1	-1	-1	-1	-1	-1	-1	-1	-1	-1	
140	-1	-1	-1	80	0	-1	-1	0	-1	0	-1	52	-1	138	-1	138	-1	-1	140	-1	-1	-1	-1	-1	-1	-1	-1	-1	-1	-1	-1	-1	-1	-1	-1	-1	-1	-1	-1	-1	-1	-1	-1	-1	-1	
140	-1	-1	-1	80	0	-1	-1	0	-1	2	-1	52	-1	138	-1	138	-1	-1	140	-1	-1	-1	-1	-1	-1	-1	-1	-1	-1	-1	-1	-1	-1	-1	-1	-1	-1	-1	-1	-1	-1	-1	-1	-1	-1	
140	-1	-1	-1	80	0	-1	-1	0	-1	0	-1	51	-1	138	-1	138	-1	-1	140	-1	-1	-1	-1	-1	-1	-1	-1	-1	-1	-1	-1	-1	-1	-1	-1	-1	-1	-1	-1	-1	-1	-1	-1	-1	-1	
140	-1	-1	-1	80	0	-1	-1	15	-1	0	-1	53	-1	138	-1	138	-1	-1	140	-1	-1	-1	-1	-1	-1	-1	-1	-1	-1	-1	-1	-1	-1	-1	-1	-1	-1	-1	-1	-1	-1	-1	-1	-1	-1	
140	-1	-1	-1	80	0	-1	-1	30	-1	0	-1	56	-1	137	-1	137	-1	-1	140	-1	-1	-1	-1	-1	-1	-1	-1	-1	-1	-1	-1	-1	-1	-1	-1	-1	-1	-1	-1	-1	-1	-1	-1	-1	-1	
140	-1	-1	-1	80	0	-1	-1	50	-1	0	-1	58	-1	137	-1	137	-1	-1	140	-1	-1	-1	-1	-1	-1	-1	-1	-1	-1	-1	-1	-1	-1	-1	-1	-1	-1	-1	-1	-1	-1	-1	-1	-1	-1	
140	-1	-1	-1	80	0	-1	-1	70	-1	0	-1	61	-1	137	-1	137	-1	-1	140	-1	-1	-1	-1	-1	-1	-1	-1	-1	-1	-1	-1	-1	-1	-1	-1	-1	-1	-1	-1	-1	-1	-1	-1	-1	-1	
140	-1	-1	-1	80	0	-1	-1	90	-1	0	-1	64	-1	137	-1	137	-1	-1	140	-1	-1	-1	-1	-1	-1	-1	-1	-1	-1	-1	-1	-1	-1	-1	-1	-1	-1	-1	-1	-1	-1	-1	-1	-1	-1	
140	-1	-1	-1	80	0	-1	-1	115	-1	0	-1	67	-1	137	-1	137	-1	-1	140	-1	-1	-1	-1	-1	-1	-1	-1	-1	-1	-1	-1	-1	-1	-1	-1	-1	-1	-1	-1	-1	-1	-1	-1	-1	-1	
140	-1	-1	-1	80	0	-1	-1	140	-1	0	-1	70	-1	131	-1	131	-1	-1	140	-1	-1	-1	-1	-1	-1	-1	-1	-1	-1	-1	-1	-1	-1	-1	-1	-1	-1	-1	-1	-1	-1	-1	-1	-1	-1	
140	-1	-1	-1	80	0	-1	-1	160	-1	0	-1	72	-1	130	-1	130	-1	-1	140	-1	-1	-1	-1	-1	-1	-1	-1	-1	-1	-1	-1	-1	-1	-1	-1	-1	-1	-1	-1	-1	-1	-1	-1	-1	-1	
140	-1	-1	-1	80	0	-1	-1	170	-1	0	-1	75	-1	129	-1	129	-1	-1	140	-1	-1	-1	-1	-1	-1	-1	-1	-1	-1	-1	-1	-1	-1	-1	-1	-1	-1	-1	-1	-1	-1	-1	-1	-1	-1	
140	-1	-1	-1	80	0	-1	-1	170	-1	0	-1	76	-1	128	-1	128	-1	-1	140	-1	-1	-1	-1	-1	-1	-1	-1	-1	-1	-1	-1	-1	-1	-1	-1	-1	-1	-1	-1	-1	-1	-1	-1	-1	-1	
140	-1	-1	-1	80	0	-1	-1	180	-1	0	-1	81	-1	129	-1	129	-1	-1	140	-1	-1	-1	-1	-1	-1	-1	-1	-1	-1	-1	-1	-1	-1	-1	-1	-1	-1	-1	-1	-1	-1	-1	-1	-1	-1	
140	-1	-1	-1	80	0	-1	-1	185	-1	0	-1	87	-1	129	-1	129	-1	-1	140	-1	-1	-1	-1	-1	-1	-1	-1	-1	-1	-1	-1	-1	-1	-1	-1	-1	-1	-1	-1	-1	-1	-1	-1	-1	-1	
140	-1	-1	-1	80	0	-1	-1	200	-1	0	-1	93	-1	130	-1	130	-1	-1	140	-1	-1	-1	-1	-1	-1	-1	-1	-1	-1	-1	-1	-1	-1	-1	-1	-1	-1	-1	-1	-1	-1	-1	-1	-1	-1	
140	-1	-1	-1	80	0	-1	-1	210	-1	0	-1	102	-1	130	-1	130	-1	-1	140	-1	-1	-1	-1	-1	-1	-1	-1	-1	-1	-1	-1	-1	-1	-1	-1	-1	-1	-1	-1	-1	-1	-1	-1	-1	-1	
140	-1	-1	-1	80	0	-1	-1	220	-1	0	-1	112	-1	131	-1	131	-1	-1	140	-1	-1	-1	-1	-1	-1	-1	-1	-1	-1	-1	-1	-1	-1	-1	-1	-1	-1	-1	-1	-1	-1	-1	-1	-1	-1	
140	-1	-1	-1	80	0	-1	-1	220	-1	0	-1	119	-1	137	-1	137	-1	-1	140	-1	-1	-1	-1	-1	-1	-1	-1	-1	-1	-1	-1	-1	-1	-1	-1	-1	-1	-1	-1	-1	-1	-1	-1	-1	-1	
140	-1	-1	-1	80	0	-1	-1	190	-1	0	-1	123	-1	133	-1	133	-1	-1	140	-1	-1	-1	-1	-1	-1	-1	-1	-1	-1	-1	-1	-1	-1	-1	-1	-1	-1	-1	-1	-1	-1	-1	-1	-1	-1	
140	-1	-1	-1	80	0	-1	-1	165	-1	0	-1	130	-1	137	-1	137	-1	-1	140	-1	-1	-1	-1	-1	-1	-1	-1	-1	-1	-1	-1	-1	-1	-1	-1	-1	-1	-1	-1	-1	-1	-1	-1	-1	-1	
140	-1	-1	-1	80	0	-1	-1	145	-1	0	-1	138	-1	135	-1	135	-1	-1	140	-1	-1	-1	-1	-1	-1	-1	-1	-1	-1	-1	-1	-1	-1	-1	-1	-1	-1	-1	-1	-1	-1	-1	-1	-1	-1	
140	-1	-1	-1	80	0	-1	-1	115	-1	0	-1	142	-1	137	-1	137	-1	-1	140	-1	-1	-1	-1	-1	-1	-1	-1	-1	-1	-1	-1	-1	-1	-1	-1	-1	-1	-1	-1	-1	-1	-1	-1	-1	-1	
140	-1	-1	-1	80	0	-1	-1	80	-1	0	-1	144	-1	136	-1	136	-1	-1	140	-1	-1	-1	-1	-1	-1	-1	-1	-1	-1	-1	-1	-1	-1	-1	-1	-1	-1	-1	-1	-1	-1	-1	-1	-1	-1	
140	-1	-1	-1	80	0	-1	-1	40	-1	0	-1	150	-1	135	-1	135	-1	-1	140	-1	-1	-1	-1	-1	-1	-1	-1	-1	-1	-1	-1	-1	-1	-1	-1	-1	-1	-1	-1	-1	-1	-1	-1	-1	-1	
140	-1	-1	-1	80	0	-1	-1	15	-1	0	-1	159	-1	136	-1	136	-1	-1	140	-1	-1	-1	-1	-1	-1	-1	-1	-1	-1	-1	-1	-1	-1	-1	-1	-1	-1	-1	-1	-1	-1	-1	-1	-1	-1	
140	-1	-1	-1	80	0	-1	-1	0	-1	4	-1	167	-1	135	-1	135	-1	-1	140	-1	-1	-1	-1	-1	-1	-1	-1	-1	-1	-1	-1	-1	-1	-1	-1	-1	-1	-1	-1	-1	-1	-1	-1	-1	-1	
140	-1	-1	-1	80	0	-1	-1	0	-1	12	-1	178	-1	135	-1	135	-1	-1	140	-1	-1	-1	-1	-1	-1	-1	-1	-1	-1	-1	-1	-1	-1	-1	-1	-1	-1	-1	-1	-1	-1	-1	-1	-1	-1	
140	-1	-1	-1	80	0	-1	-1	0	-1	8	-1	191	-1	135	-1	135	-1	-1	140	-1	-1	-1	-1	-1	-1	-1	-1	-1	-1	-1	-1	-1	-1	-1	-1	-1	-1	-1	-1	-1	-1	-1	-1	-1	-1	
140	-1	-1	-1	80	0	-1	-1	0	-1	6	-1	203	-1	134	-1	134	-1	-1	140	-1	-1	-1	-1	-1	-1	-1	-1	-1	-1	-1	-1	-1	-1	-1	-1	-1	-1	-1	-1	-1	-1	-1	-1	-1	-1	
140	-1	-1	-1	80	0	-1	-1	0	-1	4	-1	212	-1	134	-1	134	-1	-1	140	-1	-1	-1	-1	-1	-1	-1	-1	-1	-1	-1	-1	-1	-1	-1	-1	-1	-1	-1	-1	-1	-1	-1	-1	-1	-1	
140	-1	-1	-1	80	0	-1	-1	0	-1	2	-1	221	-1	134	-1	134	-1	-1	140	-1	-1	-1	-1	-1	-1	-1	-1	-1	-1	-1	-1	-1	-1	-1	-1	-1	-1	-1	-1	-1	-1	-1	-1	-1	-1	
140	-1	-1	-1	80	0	-1	-1	0	-1	0	-1	230	-1	133	-1	133	-1	-1	140	-1	-1	-1	-1	-1	-1	-1	-1	-1	-1	-1	-1	-1	-1	-1	-1	-1	-1	-1	-1	-1	-1	-1	-1	-1	-1	
140	-1	-1	-1	80	0	-1	-1	5	-1	0	-1	237	-1	133	-1	133	-1	-1	140	-1	-1	-1	-1	-1	-1	-1	-1	-1	-1	-1	-1	-1	-1	-1	-1	-1	-1	-1	-1	-1	-1	-1	-1	-1	-1	
140	-1	-1	-1	80	0	-1	-1	0	-1	2	-1	227	-1	133	-1	133	-1	-1	140	-1	-1	-1	-1	-1	-1	-1	-1	-1	-1	-1	-1	-1	-1	-1	-1	-1	-1	-1	-1	-1	-1	-1	-1	-1	-1	
140	-1	-1	-1	80	0	-1	-1	0	-1	8	-1	218	-1	132	-1	132	-1	-1	140	-1	-1	-1	-1	-1	-1	-1	-1	-1	-1	-1	-1	-1	-1	-1	-1	-1	-1	-1	-1	-1	-1	-1	-1	-1	-1	
140	-1	-1	-1	80	0	-1	-1	0	-1	16	-1	208	-1	132	-1	132	-1	-1	140	-1	-1	-1	-1	-1	-1	-1	-1	-1	-1	-1	-1	-1	-1	-1	-1	-1	-1	-1	-1	-1	-1	-1	-1	-1	-1	
140	-1	-1	-1	80	0	-1	-1	0	-1	22	-1	199	-1	132	-1	132	-1	-1	140	-1	-1	-1	-1	-1	-1	-1	-1	-1	-1	-1	-1	-1	-1	-1	-1	-1	-1	-1	-1	-1	-1	-1	-1	-1	-1	
140	-1	-1	-1	80	0	-1	-1	0	-1	20	-1	200	-1	132	-1	132	-1	-1	140	-1	-1	-1	-1	-1	-1	-1	-1	-1	-1	-1	-1	-1	-1	-1	-1	-1	-1	-1	-1	-1	-1	-1	-1	-1	-1	
140	-1	-1	-1	80	0	-1	-1	0	-1	20	-1	202	-1	132	-1	132	-1	-1	140	-1	-1	-1	-1	-1	-1	-1	-1	-1	-1	-1	-1	-1	-1	-1	-1	-1	-1	-1	-1	-1	-1	-1	-1	-1	-1	
140	-1	-1	-1	80	0	-1	-1	0	-1	20	-1	202	-1	129	-1	129	-1	-1	140	-1	-1	-1	-1	-1	-1	-1	-1	-1	-1	-1	-1	-1	-1	-1	-1	-1	-1	-1	-1	-1	-1	-1	-1	-1	-1	
140	-1	-1	-1	80	0	-1	-1	0	-1	20	-1	200	-1	129	-1	129	-1	-1	140	-1	-1	-1	-1	-1	-1	-1	-1	-1	-1	-1	-1	-1	-1	-1	-1	-1	-1	-1	-1	-1	-1	-1	-1	-1	-1	
140	-1	-1	-1	80	0	-1	-1	0	-1	18	-1	198	-1	128	-1	128	-1	-1	140	-1	-1	-1	-1	-1	-1	-1	-1	-1	-1	-1	-1	-1	-1	-1	-1	-1	-1	-1	-1	-1	-1	-1	-1	-1	-1	
140	-1	-1	-1	80	0	-1	-1	0	-1	12	-1	203	-1	128	-1	128	-1	-1	140	-1	-1	-1	-1	-1	-1	-1	-1	-1	-1	-1	-1	-1	-1	-1	-1	-1	-1	-1	-1	-1	-1	-1	-1	-1	-1	
140	-1	-1	-1	80	0	-1	-1	0	-1	4	-1	208	-1	128	-1	128	-1	-1	140	-1	-1	-1	-1	-1	-1	-1	-1	-1	-1	-1	-1	-1	-1	-1	-1	-1	-1	-1	-1	-1	-1	-1	-1	-1	-1	
140	-1	-1	-1	80	0	-1	-1	0	-1	0	-1	212	-1	128	-1	128	-1	-1	140	-1	-1	-1	-1	-1	-1	-1	-1	-1	-1	-1	-1	-1	-1	-1	-1	-1	-1	-1	-1	-1	-1	-1	-1	-1	-1	
140	-1	-1	-1	80	0	-1	-1	15	-1	0	-1	214	-1	128	-1	128	-1	-1	140	-1	-1	-1	-1	-1	-1	-1	-1	-1	-1	-1	-1	-1	-1	-1	-1	-1	-1	-1	-1	-1	-1	-1	-1	-1	-1	
140	-1	-1	-1	80	0	-1	-1	15	-1	0	-1	205	-1	128	-1	128	-1	-1	140	-1	-1	-1	-1	-1	-1	-1	-1	-1	-1	-1	-1	-1	-1	-1	-1	-1	-1	-1	-1	-1	-1	-1	-1	-1	-1	
140	-1	-1	-1	80	0	-1	-1	15	-1	0	-1	194	-1	128	-1	128	-1	-1	140	-1	-1	-1	-1	-1	-1	-1	-1	-1	-1	-1	-1	-1	-1	-1	-1	-1	-1	-1	-1	-1	-1	-1	-1	-1	-1	
140	-1	-1	-1	80	0	-1	-1	15	-1	0	-1	185	-1	128	-1	128	-1	-1	140	-1	-1	-1	-1	-1	-1	-1	-1	-1	-1	-1	-1	-1	-1	-1	-1	-1	-1	-1	-1	-1	-1	-1	-1	-1	-1	
140	-1	-1	-1	80	0	-1	-1	15	-1	0	-1	175	-1	128	-1	128	-1	-1	140	-1	-1	-1	-1	-1	-1	-1	-1	-1	-1	-1	-1	-1	-1	-1	-1	-1	-1	-1	-1	-1	-1	-1	-1	-1	-1	
140	-1	-1	-1	80	0	-1	-1	15	-1	0	-1	166	-1	128	-1	128	-1	-1	140	-1	-1	-1	-1	-1	-1	-1	-1	-1	-1	-1	-1	-1	-1	-1	-1	-1	-1	-1	-1	-1	-1	-1	-1	-1	-1	
140	-1	-1	-1	80	0	-1	-1	15	-1	0	-1	158	-1	128	-1	128	-1	-1	140	-1	-1	-1	-1	-1	-1	-1	-1	-1	-1	-1	-1	-1	-1	-1	-1	-1	-1	-1	-1	-1	-1	-1	-1	-1	-1	
140	-1	-1	-1	80	0	-1	-1	15	-1	0	-1	150	-1	128	-1	128	-1	-1	140	-1	-1	-1	-1	-1	-1	-1	-1	-1	-1	-1	-1	-1	-1	-1	-1	-1	-1	-1	-1	-1	-1	-1	-1	-1	-1	
140	-1	-1	-1	80	0	-1	-1	15	-1	0	-1	143	-1	128	-1	128	-1	-1	140	-1	-1	-1	-1	-1	-1	-1	-1	-1	-1	-1	-1	-1	-1	-1	-1	-1	-1	-1	-1	-1	-1	-1	-1	-1	-1	
140	-1	-1	-1	80	0	-1	-1	15	-1	0	-1	136	-1	128	-1	128	-1	-1	140	-1	-1	-1	-1	-1	-1	-1	-1	-1	-1	-1	-1	-1	-1	-1	-1	-1	-1	-1	-1	-1	-1	-1	-1	-1	-1	
140	-1	-1	-1	80	0	-1	-1	15	-1	0	-1	129	-1	128	-1	128	-1	-1	140	-1	-1	-1	-1	-1	-1	-1	-1	-1	-1	-1	-1	-1	-1	-1	-1	-1	-1	-1	-1	-1	-1	-1	-1	-1	-1	
140	-1	-1	-1	80	0	-1	-1	15	-1	0	-1	122	-1	128	-1	128	-1	-1	140	-1	-1	-1	-1	-1	-1	-1	-1	-1	-1	-1	-1	-1	-1	-1	-1	-1	-1	-1	-1	-1	-1	-1	-1	-1	-1	
140	-1	-1	-1	80	0	-1	-1	15	-1	0	-1	116	-1	128	-1	128	-1	-1	140	-1	-1	-1	-1	-1	-1	-1	-1	-1	-1	-1	-1	-1	-1	-1	-1	-1	-1	-1	-1	-1	-1	-1	-1	-1	-1	
140	-1	-1	-1	80	0	-1	-1	15	-1	0	-1	110	-1	128	-1	128	-1	-1	140	-1	-1	-1	-1	-1	-1	-1	-1	-1	-1	-1	-1	-1	-1	-1	-1	-1	-1	-1	-1	-1	-1	-1	-1	-1	-1	
140	-1	-1	-1	80	0	-1	-1	15	-1	0	-1	105	-1	128	-1	128	-1	-1	140	-1	-1	-1	-1	-1	-1	-1	-1	-1	-1	-1	-1	-1	-1	-1	-1	-1	-1	-1	-1	-1	-1	-1	-1	-1	-1	
140	-1	-1	-1	80	0	-1	-1	15	-1	0	-1	99	-1	128	-1	128	-1	-1	140	-1	-1	-1	-1	-1	-1	-1	-1	-1	-1	-1	-1	-1	-1	-1	-1	-1	-1	-1	-1	-1	-1	-1	-1	-1	-1	
140	-1	-1	-1	80	0	-1	-1	15	-1	0	-1	94	-1	128	-1	128	-1	-1	140	-1	-1	-1	-1	-1	-1	-1	-1	-1	-1	-1	-1	-1	-1	-1	-1	-1	-1	-1	-1	-1	-1	-1	-1	-1	-1	
140	-1	-1	-1	80	0	-1	-1	15	-1	0	-1	90	-1	128	-1	128	-1	-1	140	-1	-1	-1	-1	-1	-1	-1	-1	-1	-1	-1	-1	-1	-1	-1	-1	-1	-1	-1	-1	-1	-1	-1	-1	-1	-1	
140	-1	-1	-1	80	0	-1	-1	10	-1	0	-1	85	-1	128	-1	128	-1	-1	140	-1	-1	-1	-1	-1	-1	-1	-1	-1	-1	-1	-1	-1	-1	-1	-1	-1	-1	-1	-1	-1	-1	-1	-1	-1	-1	
140	-1	-1	-1	80	0	-1	-1	10	-1	0	-1	81	-1	128	-1	128	-1	-1	140	-1	-1	-1	-1	-1	-1	-1	-1	-1	-1	-1	-1	-1	-1	-1	-1	-1	-1	-1	-1	-1	-1	-1	-1	-1	-1	
140	-1	-1	-1	80	0	-1	-1	10	-1	0	-1	77	-1	128	-1	128	-1	-1	140	-1	-1	-1	-1	-1	-1	-1	-1	-1	-1	-1	-1	-1	-1	-1	-1	-1	-1	-1	-1	-1	-1	-1	-1	-1	-1	
140	-1	-1	-1	80	0	-1	-1	10	-1	0	-1	73	-1	128	-1	128	-1	-1	140	-1	-1	-1	-1	-1	-1	-1	-1	-1	-1	-1	-1	-1	-1	-1	-1	-1	-1	-1	-1	-1	-1	-1	-1	-1	-1	
140	-1	-1	-1	80	0	-1	-1	10	-1	0	-1	69	-1	128	-1	128	-1	-1	140	-1	-1	-1	-1	-1	-1	-1	-1	-1	-1	-1	-1	-1	-1	-1	-1	-1	-1	-1	-1	-1	-1	-1	-1	-1	-1	
140	-1	-1	-1	80	0	-1	-1	10	-1	0	-1	66	-1	128	-1	128	-1	-1	140	-1	-1	-1	-1	-1	-1	-1	-1	-1	-1	-1	-1	-1	-1	-1	-1	-1	-1	-1	-1	-1	-1	-1	-1	-1	-1	
140	-1	-1	-1	80	0	-1	-1	10	-1	0	-1	62	-1	128	-1	128	-1	-1	140	-1	-1	-1	-1	-1	-1	-1	-1	-1	-1	-1	-1	-1	-1	-1	-1	-1	-1	-1	-1	-1	-1	-1	-1	-1	-1	
140	-1	-1	-1	80	0	-1	-1	10	-1	0	-1	59	-1	128	-1	128	-1	-1	140	-1	-1	-1	-1	-1	-1	-1	-1	-1	-1	-1	-1	-1	-1	-1	-1	-1	-1	-1	-1	-1	-1	-1	-1	-1	-1	
140	-1	-1	-1	80	0	-1	-1	10	-1	0	-1	56	-1	128	-1	128	-1	-1	140	-1	-1	-1	-1	-1	-1	-1	-1	-1	-1	-1	-1	-1	-1	-1	-1	-1	-1	-1	-1	-1	-1	-1	-1	-1	-1	
140	-1	-1	-1	80	0	-1	-1	10	-1	0	-1	53	-1	128	-1	128	-1	-1	140	-1	-1	-1	-1	-1	-1	-1	-1	-1	-1	-1	-1	-1	-1	-1	-1	-1	-1	-1	-1	-1	-1	-1	-1	-1	-1	
140	-1	-1	-1	80	0	-1	-1	10	-1	0	-1	51	-1	128	-1	128	-1	-1	140	-1	-1	-1	-1	-1	-1	-1	-1	-1	-1	-1	-1	-1	-1	-1	-1	-1	-1	-1	-1	-1	-1	-1	-1	-1	-1	
140	-1	-1	-1	80	0	-1	-1	10	-1	0	-1	48	-1	128	-1	128	-1	-1	140	-1	-1	-1	-1	-1	-1	-1	-1	-1	-1	-1	-1	-1	-1	-1	-1	-1	-1	-1	-1	-1	-1	-1	-1	-1	-1	
140	-1	-1	-1	80	0	-1	-1	10	-1	0	-1	46	-1	128	-1	128	-1	-1	140	-1	-1	-1	-1	-1	-1	-1	-1	-1	-1	-1	-1	-1	-1	-1	-1	-1	-1	-1	-1	-1	-1	-1	-1	-1	-1	
140	-1	-1	-1	80	0	-1	-1	10	-1	0	-1	43	-1	128	-1	128	-1	-1	140	-1	-1	-1	-1	-1	-1	-1	-1	-1	-1	-1	-1	-1	-1	-1	-1	-1	-1	-1	-1	-1	-1	-1	-1	-1	-1	
140	-1	-1	-1	80	0	-1	-1	10	-1	0	-1	41	-1	128	-1	128	-1	-1	140	-1	-1	-1	-1	-1	-1	-1	-1	-1	-1	-1	-1	-1	-1	-1	-1	-1	-1	-1	-1	-1	-1	-1	-1	-1	-1	
140	-1	-1	-1	80	0	-1	-1	10	-1	0	-1	39	-1	128	-1	128	-1	-1	140	-1	-1	-1	-1	-1	-1	-1	-1	-1	-1	-1	-1	-1	-1	-1	-1	-1	-1	-1	-1	-1	-1	-1	-1	-1	-1	
140	-1	-1	-1	80	0	-1	-1	10	-1	0	-1	37	-1	128	-1	128	-1	-1	140	-1	-1	-1	-1	-1	-1	-1	-1	-1	-1	-1	-1	-1	-1	-1	-1	-1	-1	-1	-1	-1	-1	-1	-1	-1	-1	
140	-1	-1	-1	80	0	-1	-1	10	-1	0	-1	35	-1	128	-1	128	-1	-1	140	-1	-1	-1	-1	-1	-1	-1	-1	-1	-1	-1	-1	-1	-1	-1	-1	-1	-1	-1	-1	-1	-1	-1	-1	-1	-1	
140	-1	-1	-1	80	0	-1	-1	10	-1	0	-1	33	-1	128	-1	128	-1	-1	140	-1	-1	-1	-1	-1	-1	-1	-1	-1	-1	-1	-1	-1	-1	-1	-1	-1	-1	-1	-1	-1	-1	-1	-1	-1	-1	
140	-1	-1	-1	80	0	-1	-1	10	-1	0	-1	32	-1	128	-1	128	-1	-1	140	-1	-1	-1	-1	-1	-1	-1	-1	-1	-1	-1	-1	-1	-1	-1	-1	-1	-1	-1	-1	-1	-1	-1	-1	-1	-1	
140	-1	-1	-1	80	0	-1	-1	10	-1	0	-1	30	-1	128	-1	128	-1	-1	140	-1	-1	-1	-1	-1	-1	-1	-1	-1	-1	-1	-1	-1	-1	-1	-1	-1	-1	-1	-1	-1	-1	-1	-1	-1	-1	
140	-1	-1	-1	80	0	-1	-1	10	-1	0	-1	29	-1	128	-1	128	-1	-1	140	-1	-1	-1	-1	-1	-1	-1	-1	-1	-1	-1	-1	-1	-1	-1	-1	-1	-1	-1	-1	-1	-1	-1	-1	-1	-1	
140	-1	-1	-1	80	0	-1	-1	10	-1	0	-1	27	-1	128	-1	128	-1	-1	140	-1	-1	-1	-1	-1	-1	-1	-1	-1	-1	-1	-1	-1	-1	-1	-1	-1	-1	-1	-1	-1	-1	-1	-1	-1	-1	
140	-1	-1	-1	80	0	-1	-1	10	-1	0	-1	26	-1	128	-1	128	-1	-1	140	-1	-1	-1	-1	-1	-1	-1	-1	-1	-1	-1	-1	-1	-1	-1	-1	-1	-1	-1	-1	-1	-1	-1	-1	-1	-1	
140	-1	-1	-1	80	0	-1	-1	10	-1	0	-1	24	-1	128	-1	128	-1	-1	140	-1	-1	-1	-1	-1	-1	-1	-1	-1	-1	-1	-1	-1	-1	-1	-1	-1	-1	-1	-1	-1	-1	-1	-1	-1	-1	
140	-1	-1	-1	80	0	-1	-1	5	-1	0	-1	23	-1	128	-1	128	-1	-1	140	-1	-1	-1	-1	-1	-1	-1	-1	-1	-1	-1	-1	-1	-1	-1	-1	-1	-1	-1	-1	-1	-1	-1	-1	-1	-1	
140	-1	-1	-1	80	0	-1	-1	5	-1	0	-1	22	-1	128	-1	128	-1	-1	140	-1	-1	-1	-1	-1	-1	-1	-1	-1	-1	-1	-1	-1	-1	-1	-1	-1	-1	-1	-1	-1	-1	-1	-1	-1	-1	
140	-1	-1	-1	80	0	-1	-1	5	-1	0	-1	21	-1	128	-1	128	-1	-1	140	-1	-1	-1	-1	-1	-1	-1	-1	-1	-1	-1	-1	-1	-1	-1	-1	-1	-1	-1	-1	-1	-1	-1	-1	-1	-1	
140	-1	-1	-1	80	0	-1	-1	5	-1	0	-1	20	-1	128	-1	128	-1	-1	140	-1	-1	-1	-1	-1	-1	-1	-1	-1	-1	-1	-1	-1	-1	-1	-1	-1	-1	-1	-1	-1	-1	-1	-1	-1	-1	
140	-1	-1	-1	80	0	-1	-1	5	-1	0	-1	19	-1	128	-1	128	-1	-1	140	-1	-1	-1	-1	-1	-1	-1	-1	-1	-1	-1	-1	-1	-1	-1	-1	-1	-1	-1	-1	-1	-1	-1	-1	-1	-1	
140	-1	-1	-1	80	0	-1	-1	5	-1	0	-1	18	-1	128	-1	128	-1	-1	140	-1	-1	-1	-1	-1	-1	-1	-1	-1	-1	-1	-1	-1	-1	-1	-1	-1	-1	-1	-1	-1	-1	-1	-1	-1	-1	
140	-1	-1	-1	80	0	-1	-1	5	-1	0	-1	17	-1	128	-1	128	-1	-1	140	-1	-1	-1	-1	-1	-1	-1	-1	-1	-1	-1	-1	-1	-1	-1	-1	-1	-1	-1	-1	-1	-1	-1	-1	-1	-1	
140	-1	-1	-1	80	0	-1	-1	5	-1	0	-1	16	-1	128	-1	128	-1	-1	140	-1	-1	-1	-1	-1	-1	-1	-1	-1	-1	-1	-1	-1	-1	-1	-1	-1	-1	-1	-1	-1	-1	-1	-1	-1	-1	
140	-1	-1	-1	80	0	-1	-1	5	-1	0	-1	15	-1	128	-1	128	-1	-1	140	-1	-1	-1	-1	-1	-1	-1	-1	-1	-1	-1	-1	-1	-1	-1	-1	-1	-1	-1	-1	-1	-1	-1	-1	-1	-1	
140	-1	-1	-1	80	0	-1	-1	5	-1	0	-1	14	-1	128	-1	128	-1	-1	140	-1	-1	-1	-1	-1	-1	-1	-1	-1	-1	-1	-1	-1	-1	-1	-1	-1	-1	-1	-1	-1	-1	-1	-1	-1	-1	
140	-1	-1	-1	80	0	-1	-1	5	-1	0	-1	14	-1	128	-1	128	-1	-1	140	-1	-1	-1	-1	-1	-1	-1	-1	-1	-1	-1	-1	-1	-1	-1	-1	-1	-1	-1	-1	-1	-1	-1	-1	-1	-1	
140	-1	-1	-1	80	0	-1	-1	5	-1	0	-1	13	-1	128	-1	128	-1	-1	140	-1	-1	-1	-1	-1	-1	-1	-1	-1	-1	-1	-1	-1	-1	-1	-1	-1	-1	-1	-1	-1	-1	-1	-1	-1	-1	
140	-1	-1	-1	80	0	-1	-1	5	-1	0	-1	12	-1	128	-1	128	-1	-1	140	-1	-1	-1	-1	-1	-1	-1	-1	-1	-1	-1	-1	-1	-1	-1	-1	-1	-1	-1	-1	-1	-1	-1	-1	-1	-1	
140	-1	-1	-1	80	0	-1	-1	5	-1	0	-1	12	-1	128	-1	128	-1	-1	140	-1	-1	-1	-1	-1	-1	-1	-1	-1	-1	-1	-1	-1	-1	-1	-1	-1	-1	-1	-1	-1	-1	-1	-1	-1	-1	
140	-1	-1	-1	80	0	-1	-1	5	-1	0	-1	11	-1	128	-1	128	-1	-1	140	-1	-1	-1	-1	-1	-1	-1	-1	-1	-1	-1	-1	-1	-1	-1	-1	-1	-1	-1	-1	-1	-1	-1	-1	-1	-1	
140	-1	-1	-1	80	0	-1	-1	5	-1	0	-1	10	-1	128	-1	128	-1	-1	140	-1	-1	-1	-1	-1	-1	-1	-1	-1	-1	-1	-1	-1	-1	-1	-1	-1	-1	-1	-1	-1	-1	-1	-1	-1	-1	
140	-1	-1	-1	80	0	-1	-1	5	-1	0	-1	10	-1	128	-1	128	-1	-1	140	-1	-1	-1	-1	-1	-1	-1	-1	-1	-1	-1	-1	-1	-1	-1	-1	-1	-1	-1	-1	-1	-1	-1	-1	-1	-1	
140	-1	-1	-1	80	0	-1	-1	5	-1	0	-1	9	-1	128	-1	128	-1	-1	140	-1	-1	-1	-1	-1	-1	-1	-1	-1	-1	-1	-1	-1	-1	-1	-1	-1	-1	-1	-1	-1	-1	-1	-1	-1	-1	
140	-1	-1	-1	80	0	-1	-1	5	-1	0	-1	9	-1	128	-1	128	-1	-1	140	-1	-1	-1	-1	-1	-1	-1	-1	-1	-1	-1	-1	-1	-1	-1	-1	-1	-1	-1	-1	-1	-1	-1	-1	-1	-1	
140	-1	-1	-1	80	0	-1	-1	5	-1	0	-1	8	-1	128	-1	128	-1	-1	140	-1	-1	-1	-1	-1	-1	-1	-1	-1	-1	-1	-1	-1	-1	-1	-1	-1	-1	-1	-1	-1	-1	-1	-1	-1	-1	
140	-1	-1	-1	80	0	-1	-1	5	-1	0	-1	8	-1	128	-1	128	-1	-1	140	-1	-1	-1	-1	-1	-1	-1	-1	-1	-1	-1	-1	-1	-1	-1	-1	-1	-1	-1	-1	-1	-1	-1	-1	-1	-1	
140	-1	-1	-1	80	0	-1	-1	5	-1	0	-1	8	-1	128	-1	128	-1	-1	140	-1	-1	-1	-1	-1	-1	-1	-1	-1	-1	-1	-1	-1	-1	-1	-1	-1	-1	-1	-1	-1	-1	-1	-1	-1	-1	
140	-1	-1	-1	80	0	-1	-1	5	-1	0	-1	7	-1	128	-1	128	-1	-1	140	-1	-1	-1	-1	-1	-1	-1	-1	-1	-1	-1	-1	-1	-1	-1	-1	-1	-1	-1	-1	-1	-1	-1	-1	-1	-1	
140	-1	-1	-1	80	0	-1	-1	5	-1	0	-1	7	-1	128	-1	128	-1	-1	140	-1	-1	-1	-1	-1	-1	-1	-1	-1	-1	-1	-1	-1	-1	-1	-1	-1	-1	-1	-1	-1	-1	-1	-1	-1	-1	
140	-1	-1	-1	80	0	-1	-1	5	-1	0	-1	6	-1	128	-1	128	-1	-1	140	-1	-1	-1	-1	-1	-1	-1	-1	-1	-1	-1	-1	-1	-1	-1	-1	-1	-1	-1	-1	-1	-1	-1	-1	-1	-1	
140	-1	-1	-1	80	0	-1	-1	5	-1	0	-1	6	-1	128	-1	128	-1	-1	140	-1	-1	-1	-1	-1	-1	-1	-1	-1	-1	-1	-1	-1	-1	-1	-1	-1	-1	-1	-1	-1	-1	-1	-1	-1	-1	
140	-1	-1	-1	80	0	-1	-1	5	-1	0	-1	6	-1	128	-1	128	-1	-1	140	-1	-1	-1	-1	-1	-1	-1	-1	-1	-1	-1	-1	-1	-1	-1	-1	-1	-1	-1	-1	-1	-1	-1	-1	-1	-1	
140	-1	-1	-1	80	0	-1	-1	5	-1	0	-1	5	-1	128	-1	128	-1	-1	140	-1	-1	-1	-1	-1	-1	-1	-1	-1	-1	-1	-1	-1	-1	-1	-1	-1	-1	-1	-1	-1	-1	-1	-1	-1	-1	
140	-1	-1	-1	80	0	-1	-1	5	-1	0	-1	5	-1	128	-1	128	-1	-1	140	-1	-1	-1	-1	-1	-1	-1	-1	-1	-1	-1	-1	-1	-1	-1	-1	-1	-1	-1	-1	-1	-1	-1	-1	-1	-1	
140	-1	-1	-1	80	0	-1	-1	5	-1	0	-1	5	-1	128	-1	128	-1	-1	140	-1	-1	-1	-1	-1	-1	-1	-1	-1	-1	-1	-1	-1	-1	-1	-1	-1	-1	-1	-1	-1	-1	-1	-1	-1	-1	
140	-1	-1	-1	80	0	-1	-1	0	-1	0	-1	0	-1	-1	-1	-1	-1	-1	140	-1	-1	-1	-1	-1	-1	-1	-1	-1	-1	-1	-1	-1	-1	-1	-1	-1	-1	-1	-1	-1	-1	-1	-1	-1	-1	
140	-1	-1	-1	80	0	-1	-1	0	-1	0	-1	0	-1	-1	-1	-1	-1	-1	140	-1	-1	-1	-1	-1	-1	-1	-1	-1	-1	-1	-1	-1	-1	-1	-1	-1	-1	-1	-1	-1	-1	-1	-1	-1	-1	
140	-1	-1	-1	80	0	-1	-1	0	-1	0	-1	0	-1	-1	-1	-1	-1	-1	140	-1	-1	-1	-1	-1	-1	-1	-1	-1	-1	-1	-1	-1	-1	-1	-1	-1	-1	-1	-1	-1	-1	-1	-1	-1	-1	
140	-1	-1	-1	80	0	-1	-1	0	-1	0	-1	0	-1	-1	-1	-1	-1	-1	140	-1	-1	-1	-1	-1	-1	-1	-1	-1	-1	-1	-1	-1	-1	-1	-1	-1	-1	-1	-1	-1	-1	-1	-1	-1	-1	
-1	-1	-1	-1	-1	-1	-1	-1	0	-1	0	-1	0	-1	-1	-1	-1	-1	-1	-1	-1	-1	-1	-1	-1	-1	-1	-1	-1	-1	-1	-1	-1	-1	-1	-1	-1	-1	-1	-1	-1	-1	-1	-1	-1	-1	
