comment: this file was generated by carlos-svtools.
64	128	0	128	0	0	0	0	0	0	0	0	0	128	128	128	128	128	128	140	0	64	0	64	112	55	211	255	165	0	0	0	0	128	38	64	96	50	181	255	255	0	0	0	0	0
1	2	3	4	5	6	7	8	9	10	11	12	13	14	15	16	17	18	19	20	21	22	23	24	25	26	27	28	29	30	31	32	33	34	35	36	37	38	39	40	41	42	43	44	45	46	
10	204	46
140	-1	-1	-1	80	0	-1	-1	0	-1	0	-1	0	-1	-1	-1	-1	-1	-1	140	-1	-1	-1	-1	-1	-1	-1	-1	-1	-1	-1	-1	-1	-1	-1	-1	-1	-1	-1	-1	-1	-1	-1	-1	-1	-1	
140	-1	-1	-1	80	0	-1	-1	0	-1	0	-1	0	-1	-1	-1	-1	-1	-1	140	-1	-1	-1	-1	-1	-1	-1	-1	-1	-1	-1	-1	-1	-1	-1	-1	-1	-1	-1	-1	-1	-1	-1	-1	-1	-1	
140	-1	-1	-1	80	0	-1	-1	0	-1	0	-1	0	-1	-1	-1	-1	-1	-1	140	-1	-1	-1	-1	-1	-1	-1	-1	-1	-1	-1	-1	-1	-1	-1	-1	-1	-1	-1	-1	-1	-1	-1	-1	-1	-1	
140	-1	-1	-1	80	0	-1	-1	0	-1	0	-1	0	-1	-1	-1	-1	-1	-1	140	-1	-1	-1	-1	-1	-1	-1	-1	-1	-1	-1	-1	-1	-1	-1	-1	-1	-1	-1	-1	-1	-1	-1	-1	-1	-1	
140	-1	-1	-1	80	0	-1	-1	60	-1	0	-1	230	-1	129	-1	129	-1	-1	140	-1	-1	-1	-1	-1	-1	-1	-1	-1	-1	-1	-1	-1	-1	-1	-1	-1	-1	-1	-1	-1	-1	-1	-1	-1	-1	
140	-1	-1	-1	80	0	-1	-1	15	-1	0	-1	216	-1	129	-1	129	-1	-1	140	-1	-1	-1	-1	-1	-1	-1	-1	-1	-1	-1	-1	-1	-1	-1	-1	-1	-1	-1	-1	-1	-1	-1	-1	-1	-1	
140	-1	-1	-1	80	0	-1	-1	25	-1	0	-1	200	-1	130	-1	130	-1	-1	140	-1	-1	-1	-1	-1	-1	-1	-1	-1	-1	-1	-1	-1	-1	-1	-1	-1	-1	-1	-1	-1	-1	-1	-1	-1	-1	
140	-1	-1	-1	80	0	-1	-1	40	-1	0	-1	182	-1	131	-1	131	-1	-1	140	-1	-1	-1	-1	-1	-1	-1	-1	-1	-1	-1	-1	-1	-1	-1	-1	-1	-1	-1	-1	-1	-1	-1	-1	-1	-1	
140	-1	-1	-1	80	0	-1	-1	60	-1	0	-1	165	-1	132	-1	132	-1	-1	140	-1	-1	-1	-1	-1	-1	-1	-1	-1	-1	-1	-1	-1	-1	-1	-1	-1	-1	-1	-1	-1	-1	-1	-1	-1	-1	
140	-1	-1	-1	80	0	-1	-1	75	-1	0	-1	148	-1	133	-1	133	-1	-1	140	-1	-1	-1	-1	-1	-1	-1	-1	-1	-1	-1	-1	-1	-1	-1	-1	-1	-1	-1	-1	-1	-1	-1	-1	-1	-1	
140	-1	-1	-1	80	0	-1	-1	90	-1	0	-1	132	-1	134	-1	134	-1	-1	140	-1	-1	-1	-1	-1	-1	-1	-1	-1	-1	-1	-1	-1	-1	-1	-1	-1	-1	-1	-1	-1	-1	-1	-1	-1	-1	
140	-1	-1	-1	80	0	-1	-1	105	-1	0	-1	117	-1	135	-1	135	-1	-1	140	-1	-1	-1	-1	-1	-1	-1	-1	-1	-1	-1	-1	-1	-1	-1	-1	-1	-1	-1	-1	-1	-1	-1	-1	-1	-1	
140	-1	-1	-1	80	0	-1	-1	120	-1	0	-1	102	-1	136	-1	136	-1	-1	140	-1	-1	-1	-1	-1	-1	-1	-1	-1	-1	-1	-1	-1	-1	-1	-1	-1	-1	-1	-1	-1	-1	-1	-1	-1	-1	
140	-1	-1	-1	80	0	-1	-1	125	-1	0	-1	87	-1	137	-1	137	-1	-1	140	-1	-1	-1	-1	-1	-1	-1	-1	-1	-1	-1	-1	-1	-1	-1	-1	-1	-1	-1	-1	-1	-1	-1	-1	-1	-1	
140	-1	-1	-1	80	0	-1	-1	175	-1	0	-1	83	-1	138	-1	138	-1	-1	140	-1	-1	-1	-1	-1	-1	-1	-1	-1	-1	-1	-1	-1	-1	-1	-1	-1	-1	-1	-1	-1	-1	-1	-1	-1	-1	
140	-1	-1	-1	80	0	-1	-1	165	-1	0	-1	82	-1	139	-1	139	-1	-1	140	-1	-1	-1	-1	-1	-1	-1	-1	-1	-1	-1	-1	-1	-1	-1	-1	-1	-1	-1	-1	-1	-1	-1	-1	-1	-1	
140	-1	-1	-1	80	0	-1	-1	155	-1	0	-1	85	-1	140	-1	140	-1	-1	140	-1	-1	-1	-1	-1	-1	-1	-1	-1	-1	-1	-1	-1	-1	-1	-1	-1	-1	-1	-1	-1	-1	-1	-1	-1	-1	
140	-1	-1	-1	80	0	-1	-1	135	-1	0	-1	86	-1	140	-1	140	-1	-1	140	-1	-1	-1	-1	-1	-1	-1	-1	-1	-1	-1	-1	-1	-1	-1	-1	-1	-1	-1	-1	-1	-1	-1	-1	-1	-1	
140	-1	-1	-1	80	0	-1	-1	120	-1	0	-1	86	-1	141	-1	141	-1	-1	140	-1	-1	-1	-1	-1	-1	-1	-1	-1	-1	-1	-1	-1	-1	-1	-1	-1	-1	-1	-1	-1	-1	-1	-1	-1	-1	
140	-1	-1	-1	80	0	-1	-1	90	-1	0	-1	88	-1	141	-1	141	-1	-1	140	-1	-1	-1	-1	-1	-1	-1	-1	-1	-1	-1	-1	-1	-1	-1	-1	-1	-1	-1	-1	-1	-1	-1	-1	-1	-1	
140	-1	-1	-1	80	0	-1	-1	65	-1	0	-1	89	-1	141	-1	141	-1	-1	140	-1	-1	-1	-1	-1	-1	-1	-1	-1	-1	-1	-1	-1	-1	-1	-1	-1	-1	-1	-1	-1	-1	-1	-1	-1	-1	
140	-1	-1	-1	80	0	-1	-1	35	-1	0	-1	88	-1	141	-1	141	-1	-1	140	-1	-1	-1	-1	-1	-1	-1	-1	-1	-1	-1	-1	-1	-1	-1	-1	-1	-1	-1	-1	-1	-1	-1	-1	-1	-1	
140	-1	-1	-1	80	0	-1	-1	25	-1	0	-1	89	-1	141	-1	141	-1	-1	140	-1	-1	-1	-1	-1	-1	-1	-1	-1	-1	-1	-1	-1	-1	-1	-1	-1	-1	-1	-1	-1	-1	-1	-1	-1	-1	
140	-1	-1	-1	80	0	-1	-1	15	-1	0	-1	90	-1	141	-1	141	-1	-1	140	-1	-1	-1	-1	-1	-1	-1	-1	-1	-1	-1	-1	-1	-1	-1	-1	-1	-1	-1	-1	-1	-1	-1	-1	-1	-1	
140	-1	-1	-1	80	0	-1	-1	0	-1	0	-1	89	-1	141	-1	141	-1	-1	140	-1	-1	-1	-1	-1	-1	-1	-1	-1	-1	-1	-1	-1	-1	-1	-1	-1	-1	-1	-1	-1	-1	-1	-1	-1	-1	
140	-1	-1	-1	80	0	-1	-1	0	-1	2	-1	86	-1	138	-1	138	-1	-1	140	-1	-1	-1	-1	-1	-1	-1	-1	-1	-1	-1	-1	-1	-1	-1	-1	-1	-1	-1	-1	-1	-1	-1	-1	-1	-1	
140	-1	-1	-1	80	0	-1	-1	0	-1	6	-1	83	-1	138	-1	138	-1	-1	140	-1	-1	-1	-1	-1	-1	-1	-1	-1	-1	-1	-1	-1	-1	-1	-1	-1	-1	-1	-1	-1	-1	-1	-1	-1	-1	
140	-1	-1	-1	80	0	-1	-1	0	-1	10	-1	83	-1	141	-1	141	-1	-1	140	-1	-1	-1	-1	-1	-1	-1	-1	-1	-1	-1	-1	-1	-1	-1	-1	-1	-1	-1	-1	-1	-1	-1	-1	-1	-1	
140	-1	-1	-1	80	0	-1	-1	0	-1	10	-1	82	-1	141	-1	141	-1	-1	140	-1	-1	-1	-1	-1	-1	-1	-1	-1	-1	-1	-1	-1	-1	-1	-1	-1	-1	-1	-1	-1	-1	-1	-1	-1	-1	
140	-1	-1	-1	80	0	-1	-1	0	-1	14	-1	86	-1	141	-1	141	-1	-1	140	-1	-1	-1	-1	-1	-1	-1	-1	-1	-1	-1	-1	-1	-1	-1	-1	-1	-1	-1	-1	-1	-1	-1	-1	-1	-1	
140	-1	-1	-1	80	0	-1	-1	0	-1	12	-1	85	-1	140	-1	140	-1	-1	140	-1	-1	-1	-1	-1	-1	-1	-1	-1	-1	-1	-1	-1	-1	-1	-1	-1	-1	-1	-1	-1	-1	-1	-1	-1	-1	
140	-1	-1	-1	80	0	-1	-1	0	-1	8	-1	84	-1	140	-1	140	-1	-1	140	-1	-1	-1	-1	-1	-1	-1	-1	-1	-1	-1	-1	-1	-1	-1	-1	-1	-1	-1	-1	-1	-1	-1	-1	-1	-1	
140	-1	-1	-1	80	0	-1	-1	0	-1	4	-1	82	-1	140	-1	140	-1	-1	140	-1	-1	-1	-1	-1	-1	-1	-1	-1	-1	-1	-1	-1	-1	-1	-1	-1	-1	-1	-1	-1	-1	-1	-1	-1	-1	
140	-1	-1	-1	80	0	-1	-1	0	-1	0	-1	80	-1	139	-1	139	-1	-1	140	-1	-1	-1	-1	-1	-1	-1	-1	-1	-1	-1	-1	-1	-1	-1	-1	-1	-1	-1	-1	-1	-1	-1	-1	-1	-1	
140	-1	-1	-1	80	0	-1	-1	5	-1	0	-1	78	-1	132	-1	132	-1	-1	140	-1	-1	-1	-1	-1	-1	-1	-1	-1	-1	-1	-1	-1	-1	-1	-1	-1	-1	-1	-1	-1	-1	-1	-1	-1	-1	
140	-1	-1	-1	80	0	-1	-1	15	-1	0	-1	75	-1	130	-1	130	-1	-1	140	-1	-1	-1	-1	-1	-1	-1	-1	-1	-1	-1	-1	-1	-1	-1	-1	-1	-1	-1	-1	-1	-1	-1	-1	-1	-1	
140	-1	-1	-1	80	0	-1	-1	25	-1	0	-1	72	-1	129	-1	129	-1	-1	140	-1	-1	-1	-1	-1	-1	-1	-1	-1	-1	-1	-1	-1	-1	-1	-1	-1	-1	-1	-1	-1	-1	-1	-1	-1	-1	
140	-1	-1	-1	80	0	-1	-1	40	-1	0	-1	79	-1	128	-1	128	-1	-1	140	-1	-1	-1	-1	-1	-1	-1	-1	-1	-1	-1	-1	-1	-1	-1	-1	-1	-1	-1	-1	-1	-1	-1	-1	-1	-1	
140	-1	-1	-1	80	0	-1	-1	65	-1	0	-1	82	-1	128	-1	128	-1	-1	140	-1	-1	-1	-1	-1	-1	-1	-1	-1	-1	-1	-1	-1	-1	-1	-1	-1	-1	-1	-1	-1	-1	-1	-1	-1	-1	
140	-1	-1	-1	80	0	-1	-1	65	-1	0	-1	91	-1	128	-1	128	-1	-1	140	-1	-1	-1	-1	-1	-1	-1	-1	-1	-1	-1	-1	-1	-1	-1	-1	-1	-1	-1	-1	-1	-1	-1	-1	-1	-1	
140	-1	-1	-1	80	0	-1	-1	55	-1	0	-1	99	-1	128	-1	128	-1	-1	140	-1	-1	-1	-1	-1	-1	-1	-1	-1	-1	-1	-1	-1	-1	-1	-1	-1	-1	-1	-1	-1	-1	-1	-1	-1	-1	
140	-1	-1	-1	80	0	-1	-1	40	-1	0	-1	108	-1	129	-1	129	-1	-1	140	-1	-1	-1	-1	-1	-1	-1	-1	-1	-1	-1	-1	-1	-1	-1	-1	-1	-1	-1	-1	-1	-1	-1	-1	-1	-1	
140	-1	-1	-1	80	0	-1	-1	25	-1	0	-1	119	-1	129	-1	129	-1	-1	140	-1	-1	-1	-1	-1	-1	-1	-1	-1	-1	-1	-1	-1	-1	-1	-1	-1	-1	-1	-1	-1	-1	-1	-1	-1	-1	
140	-1	-1	-1	80	0	-1	-1	10	-1	0	-1	130	-1	129	-1	129	-1	-1	140	-1	-1	-1	-1	-1	-1	-1	-1	-1	-1	-1	-1	-1	-1	-1	-1	-1	-1	-1	-1	-1	-1	-1	-1	-1	-1	
140	-1	-1	-1	80	0	-1	-1	0	-1	4	-1	143	-1	129	-1	129	-1	-1	140	-1	-1	-1	-1	-1	-1	-1	-1	-1	-1	-1	-1	-1	-1	-1	-1	-1	-1	-1	-1	-1	-1	-1	-1	-1	-1	
140	-1	-1	-1	80	0	-1	-1	0	-1	12	-1	157	-1	132	-1	132	-1	-1	140	-1	-1	-1	-1	-1	-1	-1	-1	-1	-1	-1	-1	-1	-1	-1	-1	-1	-1	-1	-1	-1	-1	-1	-1	-1	-1	
140	-1	-1	-1	80	0	-1	-1	0	-1	22	-1	160	-1	131	-1	131	-1	-1	140	-1	-1	-1	-1	-1	-1	-1	-1	-1	-1	-1	-1	-1	-1	-1	-1	-1	-1	-1	-1	-1	-1	-1	-1	-1	-1	
140	-1	-1	-1	80	0	-1	-1	0	-1	32	-1	164	-1	130	-1	130	-1	-1	140	-1	-1	-1	-1	-1	-1	-1	-1	-1	-1	-1	-1	-1	-1	-1	-1	-1	-1	-1	-1	-1	-1	-1	-1	-1	-1	
140	-1	-1	-1	80	0	-1	-1	0	-1	40	-1	167	-1	130	-1	130	-1	-1	140	-1	-1	-1	-1	-1	-1	-1	-1	-1	-1	-1	-1	-1	-1	-1	-1	-1	-1	-1	-1	-1	-1	-1	-1	-1	-1	
140	-1	-1	-1	80	0	-1	-1	0	-1	44	-1	169	-1	129	-1	129	-1	-1	140	-1	-1	-1	-1	-1	-1	-1	-1	-1	-1	-1	-1	-1	-1	-1	-1	-1	-1	-1	-1	-1	-1	-1	-1	-1	-1	
140	-1	-1	-1	80	0	-1	-1	0	-1	48	-1	170	-1	129	-1	129	-1	-1	140	-1	-1	-1	-1	-1	-1	-1	-1	-1	-1	-1	-1	-1	-1	-1	-1	-1	-1	-1	-1	-1	-1	-1	-1	-1	-1	
140	-1	-1	-1	80	0	-1	-1	0	-1	46	-1	168	-1	129	-1	129	-1	-1	140	-1	-1	-1	-1	-1	-1	-1	-1	-1	-1	-1	-1	-1	-1	-1	-1	-1	-1	-1	-1	-1	-1	-1	-1	-1	-1	
140	-1	-1	-1	80	0	-1	-1	0	-1	44	-1	166	-1	128	-1	128	-1	-1	140	-1	-1	-1	-1	-1	-1	-1	-1	-1	-1	-1	-1	-1	-1	-1	-1	-1	-1	-1	-1	-1	-1	-1	-1	-1	-1	
140	-1	-1	-1	80	0	-1	-1	0	-1	26	-1	167	-1	128	-1	128	-1	-1	140	-1	-1	-1	-1	-1	-1	-1	-1	-1	-1	-1	-1	-1	-1	-1	-1	-1	-1	-1	-1	-1	-1	-1	-1	-1	-1	
140	-1	-1	-1	80	0	-1	-1	0	-1	38	-1	153	-1	128	-1	128	-1	-1	140	-1	-1	-1	-1	-1	-1	-1	-1	-1	-1	-1	-1	-1	-1	-1	-1	-1	-1	-1	-1	-1	-1	-1	-1	-1	-1	
140	-1	-1	-1	80	0	-1	-1	0	-1	48	-1	138	-1	128	-1	128	-1	-1	140	-1	-1	-1	-1	-1	-1	-1	-1	-1	-1	-1	-1	-1	-1	-1	-1	-1	-1	-1	-1	-1	-1	-1	-1	-1	-1	
140	-1	-1	-1	80	0	-1	-1	0	-1	56	-1	123	-1	128	-1	128	-1	-1	140	-1	-1	-1	-1	-1	-1	-1	-1	-1	-1	-1	-1	-1	-1	-1	-1	-1	-1	-1	-1	-1	-1	-1	-1	-1	-1	
140	-1	-1	-1	80	0	-1	-1	0	-1	62	-1	110	-1	128	-1	128	-1	-1	140	-1	-1	-1	-1	-1	-1	-1	-1	-1	-1	-1	-1	-1	-1	-1	-1	-1	-1	-1	-1	-1	-1	-1	-1	-1	-1	
140	-1	-1	-1	80	0	-1	-1	0	-1	70	-1	97	-1	128	-1	128	-1	-1	140	-1	-1	-1	-1	-1	-1	-1	-1	-1	-1	-1	-1	-1	-1	-1	-1	-1	-1	-1	-1	-1	-1	-1	-1	-1	-1	
140	-1	-1	-1	80	0	-1	-1	0	-1	78	-1	85	-1	128	-1	128	-1	-1	140	-1	-1	-1	-1	-1	-1	-1	-1	-1	-1	-1	-1	-1	-1	-1	-1	-1	-1	-1	-1	-1	-1	-1	-1	-1	-1	
140	-1	-1	-1	80	0	-1	-1	0	-1	90	-1	74	-1	128	-1	128	-1	-1	140	-1	-1	-1	-1	-1	-1	-1	-1	-1	-1	-1	-1	-1	-1	-1	-1	-1	-1	-1	-1	-1	-1	-1	-1	-1	-1	
140	-1	-1	-1	80	0	-1	-1	0	-1	88	-1	69	-1	128	-1	128	-1	-1	140	-1	-1	-1	-1	-1	-1	-1	-1	-1	-1	-1	-1	-1	-1	-1	-1	-1	-1	-1	-1	-1	-1	-1	-1	-1	-1	
140	-1	-1	-1	80	0	-1	-1	0	-1	98	-1	60	-1	127	-1	127	-1	-1	140	-1	-1	-1	-1	-1	-1	-1	-1	-1	-1	-1	-1	-1	-1	-1	-1	-1	-1	-1	-1	-1	-1	-1	-1	-1	-1	
140	-1	-1	-1	80	0	-1	-1	0	-1	66	-1	71	-1	127	-1	127	-1	-1	140	-1	-1	-1	-1	-1	-1	-1	-1	-1	-1	-1	-1	-1	-1	-1	-1	-1	-1	-1	-1	-1	-1	-1	-1	-1	-1	
140	-1	-1	-1	80	0	-1	-1	0	-1	52	-1	76	-1	127	-1	127	-1	-1	140	-1	-1	-1	-1	-1	-1	-1	-1	-1	-1	-1	-1	-1	-1	-1	-1	-1	-1	-1	-1	-1	-1	-1	-1	-1	-1	
140	-1	-1	-1	80	0	-1	-1	0	-1	40	-1	83	-1	127	-1	127	-1	-1	140	-1	-1	-1	-1	-1	-1	-1	-1	-1	-1	-1	-1	-1	-1	-1	-1	-1	-1	-1	-1	-1	-1	-1	-1	-1	-1	
140	-1	-1	-1	80	0	-1	-1	0	-1	26	-1	91	-1	127	-1	127	-1	-1	140	-1	-1	-1	-1	-1	-1	-1	-1	-1	-1	-1	-1	-1	-1	-1	-1	-1	-1	-1	-1	-1	-1	-1	-1	-1	-1	
140	-1	-1	-1	80	0	-1	-1	0	-1	12	-1	91	-1	127	-1	127	-1	-1	140	-1	-1	-1	-1	-1	-1	-1	-1	-1	-1	-1	-1	-1	-1	-1	-1	-1	-1	-1	-1	-1	-1	-1	-1	-1	-1	
140	-1	-1	-1	80	0	-1	-1	0	-1	14	-1	91	-1	127	-1	127	-1	-1	140	-1	-1	-1	-1	-1	-1	-1	-1	-1	-1	-1	-1	-1	-1	-1	-1	-1	-1	-1	-1	-1	-1	-1	-1	-1	-1	
140	-1	-1	-1	80	0	-1	-1	0	-1	16	-1	91	-1	127	-1	127	-1	-1	140	-1	-1	-1	-1	-1	-1	-1	-1	-1	-1	-1	-1	-1	-1	-1	-1	-1	-1	-1	-1	-1	-1	-1	-1	-1	-1	
140	-1	-1	-1	80	0	-1	-1	0	-1	10	-1	87	-1	127	-1	127	-1	-1	140	-1	-1	-1	-1	-1	-1	-1	-1	-1	-1	-1	-1	-1	-1	-1	-1	-1	-1	-1	-1	-1	-1	-1	-1	-1	-1	
140	-1	-1	-1	80	0	-1	-1	0	-1	4	-1	86	-1	128	-1	128	-1	-1	140	-1	-1	-1	-1	-1	-1	-1	-1	-1	-1	-1	-1	-1	-1	-1	-1	-1	-1	-1	-1	-1	-1	-1	-1	-1	-1	
140	-1	-1	-1	80	0	-1	-1	0	-1	12	-1	84	-1	128	-1	128	-1	-1	140	-1	-1	-1	-1	-1	-1	-1	-1	-1	-1	-1	-1	-1	-1	-1	-1	-1	-1	-1	-1	-1	-1	-1	-1	-1	-1	
140	-1	-1	-1	80	0	-1	-1	0	-1	6	-1	87	-1	128	-1	128	-1	-1	140	-1	-1	-1	-1	-1	-1	-1	-1	-1	-1	-1	-1	-1	-1	-1	-1	-1	-1	-1	-1	-1	-1	-1	-1	-1	-1	
140	-1	-1	-1	80	0	-1	-1	0	-1	0	-1	88	-1	128	-1	128	-1	-1	140	-1	-1	-1	-1	-1	-1	-1	-1	-1	-1	-1	-1	-1	-1	-1	-1	-1	-1	-1	-1	-1	-1	-1	-1	-1	-1	
140	-1	-1	-1	80	0	-1	-1	10	-1	0	-1	91	-1	128	-1	128	-1	-1	140	-1	-1	-1	-1	-1	-1	-1	-1	-1	-1	-1	-1	-1	-1	-1	-1	-1	-1	-1	-1	-1	-1	-1	-1	-1	-1	
140	-1	-1	-1	80	0	-1	-1	30	-1	0	-1	108	-1	128	-1	128	-1	-1	140	-1	-1	-1	-1	-1	-1	-1	-1	-1	-1	-1	-1	-1	-1	-1	-1	-1	-1	-1	-1	-1	-1	-1	-1	-1	-1	
140	-1	-1	-1	80	0	-1	-1	65	-1	0	-1	124	-1	128	-1	128	-1	-1	140	-1	-1	-1	-1	-1	-1	-1	-1	-1	-1	-1	-1	-1	-1	-1	-1	-1	-1	-1	-1	-1	-1	-1	-1	-1	-1	
140	-1	-1	-1	80	0	-1	-1	100	-1	0	-1	141	-1	128	-1	128	-1	-1	140	-1	-1	-1	-1	-1	-1	-1	-1	-1	-1	-1	-1	-1	-1	-1	-1	-1	-1	-1	-1	-1	-1	-1	-1	-1	-1	
140	-1	-1	-1	80	0	-1	-1	80	-1	0	-1	155	-1	128	-1	128	-1	-1	140	-1	-1	-1	-1	-1	-1	-1	-1	-1	-1	-1	-1	-1	-1	-1	-1	-1	-1	-1	-1	-1	-1	-1	-1	-1	-1	
140	-1	-1	-1	80	0	-1	-1	60	-1	0	-1	167	-1	128	-1	128	-1	-1	140	-1	-1	-1	-1	-1	-1	-1	-1	-1	-1	-1	-1	-1	-1	-1	-1	-1	-1	-1	-1	-1	-1	-1	-1	-1	-1	
140	-1	-1	-1	80	0	-1	-1	40	-1	0	-1	173	-1	128	-1	128	-1	-1	140	-1	-1	-1	-1	-1	-1	-1	-1	-1	-1	-1	-1	-1	-1	-1	-1	-1	-1	-1	-1	-1	-1	-1	-1	-1	-1	
140	-1	-1	-1	80	0	-1	-1	30	-1	0	-1	175	-1	128	-1	128	-1	-1	140	-1	-1	-1	-1	-1	-1	-1	-1	-1	-1	-1	-1	-1	-1	-1	-1	-1	-1	-1	-1	-1	-1	-1	-1	-1	-1	
140	-1	-1	-1	80	0	-1	-1	10	-1	0	-1	175	-1	129	-1	129	-1	-1	140	-1	-1	-1	-1	-1	-1	-1	-1	-1	-1	-1	-1	-1	-1	-1	-1	-1	-1	-1	-1	-1	-1	-1	-1	-1	-1	
140	-1	-1	-1	80	0	-1	-1	0	-1	2	-1	169	-1	129	-1	129	-1	-1	140	-1	-1	-1	-1	-1	-1	-1	-1	-1	-1	-1	-1	-1	-1	-1	-1	-1	-1	-1	-1	-1	-1	-1	-1	-1	-1	
140	-1	-1	-1	80	0	-1	-1	0	-1	10	-1	156	-1	129	-1	129	-1	-1	140	-1	-1	-1	-1	-1	-1	-1	-1	-1	-1	-1	-1	-1	-1	-1	-1	-1	-1	-1	-1	-1	-1	-1	-1	-1	-1	
140	-1	-1	-1	80	0	-1	-1	0	-1	8	-1	141	-1	129	-1	129	-1	-1	140	-1	-1	-1	-1	-1	-1	-1	-1	-1	-1	-1	-1	-1	-1	-1	-1	-1	-1	-1	-1	-1	-1	-1	-1	-1	-1	
140	-1	-1	-1	80	0	-1	-1	0	-1	4	-1	125	-1	129	-1	129	-1	-1	140	-1	-1	-1	-1	-1	-1	-1	-1	-1	-1	-1	-1	-1	-1	-1	-1	-1	-1	-1	-1	-1	-1	-1	-1	-1	-1	
140	-1	-1	-1	80	0	-1	-1	0	-1	0	-1	109	-1	129	-1	129	-1	-1	140	-1	-1	-1	-1	-1	-1	-1	-1	-1	-1	-1	-1	-1	-1	-1	-1	-1	-1	-1	-1	-1	-1	-1	-1	-1	-1	
140	-1	-1	-1	80	0	-1	-1	5	-1	0	-1	94	-1	129	-1	129	-1	-1	140	-1	-1	-1	-1	-1	-1	-1	-1	-1	-1	-1	-1	-1	-1	-1	-1	-1	-1	-1	-1	-1	-1	-1	-1	-1	-1	
140	-1	-1	-1	80	0	-1	-1	15	-1	0	-1	80	-1	129	-1	129	-1	-1	140	-1	-1	-1	-1	-1	-1	-1	-1	-1	-1	-1	-1	-1	-1	-1	-1	-1	-1	-1	-1	-1	-1	-1	-1	-1	-1	
140	-1	-1	-1	80	0	-1	-1	20	-1	0	-1	68	-1	129	-1	129	-1	-1	140	-1	-1	-1	-1	-1	-1	-1	-1	-1	-1	-1	-1	-1	-1	-1	-1	-1	-1	-1	-1	-1	-1	-1	-1	-1	-1	
140	-1	-1	-1	80	0	-1	-1	35	-1	0	-1	60	-1	129	-1	129	-1	-1	140	-1	-1	-1	-1	-1	-1	-1	-1	-1	-1	-1	-1	-1	-1	-1	-1	-1	-1	-1	-1	-1	-1	-1	-1	-1	-1	
140	-1	-1	-1	80	0	-1	-1	20	-1	0	-1	56	-1	129	-1	129	-1	-1	140	-1	-1	-1	-1	-1	-1	-1	-1	-1	-1	-1	-1	-1	-1	-1	-1	-1	-1	-1	-1	-1	-1	-1	-1	-1	-1	
140	-1	-1	-1	80	0	-1	-1	0	-1	0	-1	53	-1	129	-1	129	-1	-1	140	-1	-1	-1	-1	-1	-1	-1	-1	-1	-1	-1	-1	-1	-1	-1	-1	-1	-1	-1	-1	-1	-1	-1	-1	-1	-1	
140	-1	-1	-1	80	0	-1	-1	0	-1	2	-1	51	-1	129	-1	129	-1	-1	140	-1	-1	-1	-1	-1	-1	-1	-1	-1	-1	-1	-1	-1	-1	-1	-1	-1	-1	-1	-1	-1	-1	-1	-1	-1	-1	
140	-1	-1	-1	80	0	-1	-1	0	-1	4	-1	73	-1	129	-1	129	-1	-1	140	-1	-1	-1	-1	-1	-1	-1	-1	-1	-1	-1	-1	-1	-1	-1	-1	-1	-1	-1	-1	-1	-1	-1	-1	-1	-1	
140	-1	-1	-1	80	0	-1	-1	0	-1	6	-1	93	-1	129	-1	129	-1	-1	140	-1	-1	-1	-1	-1	-1	-1	-1	-1	-1	-1	-1	-1	-1	-1	-1	-1	-1	-1	-1	-1	-1	-1	-1	-1	-1	
140	-1	-1	-1	80	0	-1	-1	0	-1	10	-1	113	-1	129	-1	129	-1	-1	140	-1	-1	-1	-1	-1	-1	-1	-1	-1	-1	-1	-1	-1	-1	-1	-1	-1	-1	-1	-1	-1	-1	-1	-1	-1	-1	
140	-1	-1	-1	80	0	-1	-1	0	-1	14	-1	117	-1	128	-1	128	-1	-1	140	-1	-1	-1	-1	-1	-1	-1	-1	-1	-1	-1	-1	-1	-1	-1	-1	-1	-1	-1	-1	-1	-1	-1	-1	-1	-1	
140	-1	-1	-1	80	0	-1	-1	0	-1	20	-1	121	-1	128	-1	128	-1	-1	140	-1	-1	-1	-1	-1	-1	-1	-1	-1	-1	-1	-1	-1	-1	-1	-1	-1	-1	-1	-1	-1	-1	-1	-1	-1	-1	
140	-1	-1	-1	80	0	-1	-1	0	-1	24	-1	124	-1	128	-1	128	-1	-1	140	-1	-1	-1	-1	-1	-1	-1	-1	-1	-1	-1	-1	-1	-1	-1	-1	-1	-1	-1	-1	-1	-1	-1	-1	-1	-1	
140	-1	-1	-1	80	0	-1	-1	0	-1	20	-1	127	-1	128	-1	128	-1	-1	140	-1	-1	-1	-1	-1	-1	-1	-1	-1	-1	-1	-1	-1	-1	-1	-1	-1	-1	-1	-1	-1	-1	-1	-1	-1	-1	
140	-1	-1	-1	80	0	-1	-1	0	-1	14	-1	132	-1	128	-1	128	-1	-1	140	-1	-1	-1	-1	-1	-1	-1	-1	-1	-1	-1	-1	-1	-1	-1	-1	-1	-1	-1	-1	-1	-1	-1	-1	-1	-1	
140	-1	-1	-1	80	0	-1	-1	0	-1	8	-1	141	-1	128	-1	128	-1	-1	140	-1	-1	-1	-1	-1	-1	-1	-1	-1	-1	-1	-1	-1	-1	-1	-1	-1	-1	-1	-1	-1	-1	-1	-1	-1	-1	
140	-1	-1	-1	80	0	-1	-1	0	-1	16	-1	119	-1	128	-1	128	-1	-1	140	-1	-1	-1	-1	-1	-1	-1	-1	-1	-1	-1	-1	-1	-1	-1	-1	-1	-1	-1	-1	-1	-1	-1	-1	-1	-1	
140	-1	-1	-1	80	0	-1	-1	0	-1	24	-1	101	-1	128	-1	128	-1	-1	140	-1	-1	-1	-1	-1	-1	-1	-1	-1	-1	-1	-1	-1	-1	-1	-1	-1	-1	-1	-1	-1	-1	-1	-1	-1	-1	
140	-1	-1	-1	80	0	-1	-1	0	-1	32	-1	84	-1	128	-1	128	-1	-1	140	-1	-1	-1	-1	-1	-1	-1	-1	-1	-1	-1	-1	-1	-1	-1	-1	-1	-1	-1	-1	-1	-1	-1	-1	-1	-1	
140	-1	-1	-1	80	0	-1	-1	0	-1	38	-1	83	-1	128	-1	128	-1	-1	140	-1	-1	-1	-1	-1	-1	-1	-1	-1	-1	-1	-1	-1	-1	-1	-1	-1	-1	-1	-1	-1	-1	-1	-1	-1	-1	
140	-1	-1	-1	80	0	-1	-1	0	-1	42	-1	82	-1	128	-1	128	-1	-1	140	-1	-1	-1	-1	-1	-1	-1	-1	-1	-1	-1	-1	-1	-1	-1	-1	-1	-1	-1	-1	-1	-1	-1	-1	-1	-1	
140	-1	-1	-1	80	0	-1	-1	0	-1	48	-1	81	-1	128	-1	128	-1	-1	140	-1	-1	-1	-1	-1	-1	-1	-1	-1	-1	-1	-1	-1	-1	-1	-1	-1	-1	-1	-1	-1	-1	-1	-1	-1	-1	
140	-1	-1	-1	80	0	-1	-1	0	-1	52	-1	82	-1	128	-1	128	-1	-1	140	-1	-1	-1	-1	-1	-1	-1	-1	-1	-1	-1	-1	-1	-1	-1	-1	-1	-1	-1	-1	-1	-1	-1	-1	-1	-1	
140	-1	-1	-1	80	0	-1	-1	0	-1	58	-1	79	-1	128	-1	128	-1	-1	140	-1	-1	-1	-1	-1	-1	-1	-1	-1	-1	-1	-1	-1	-1	-1	-1	-1	-1	-1	-1	-1	-1	-1	-1	-1	-1	
140	-1	-1	-1	80	0	-1	-1	0	-1	66	-1	73	-1	128	-1	128	-1	-1	140	-1	-1	-1	-1	-1	-1	-1	-1	-1	-1	-1	-1	-1	-1	-1	-1	-1	-1	-1	-1	-1	-1	-1	-1	-1	-1	
140	-1	-1	-1	80	0	-1	-1	0	-1	66	-1	76	-1	128	-1	128	-1	-1	140	-1	-1	-1	-1	-1	-1	-1	-1	-1	-1	-1	-1	-1	-1	-1	-1	-1	-1	-1	-1	-1	-1	-1	-1	-1	-1	
140	-1	-1	-1	80	0	-1	-1	0	-1	66	-1	76	-1	128	-1	128	-1	-1	140	-1	-1	-1	-1	-1	-1	-1	-1	-1	-1	-1	-1	-1	-1	-1	-1	-1	-1	-1	-1	-1	-1	-1	-1	-1	-1	
140	-1	-1	-1	80	0	-1	-1	0	-1	66	-1	76	-1	128	-1	128	-1	-1	140	-1	-1	-1	-1	-1	-1	-1	-1	-1	-1	-1	-1	-1	-1	-1	-1	-1	-1	-1	-1	-1	-1	-1	-1	-1	-1	
140	-1	-1	-1	80	0	-1	-1	0	-1	66	-1	76	-1	128	-1	128	-1	-1	140	-1	-1	-1	-1	-1	-1	-1	-1	-1	-1	-1	-1	-1	-1	-1	-1	-1	-1	-1	-1	-1	-1	-1	-1	-1	-1	
140	-1	-1	-1	80	0	-1	-1	0	-1	64	-1	76	-1	128	-1	128	-1	-1	140	-1	-1	-1	-1	-1	-1	-1	-1	-1	-1	-1	-1	-1	-1	-1	-1	-1	-1	-1	-1	-1	-1	-1	-1	-1	-1	
140	-1	-1	-1	80	0	-1	-1	0	-1	64	-1	75	-1	128	-1	128	-1	-1	140	-1	-1	-1	-1	-1	-1	-1	-1	-1	-1	-1	-1	-1	-1	-1	-1	-1	-1	-1	-1	-1	-1	-1	-1	-1	-1	
140	-1	-1	-1	80	0	-1	-1	0	-1	64	-1	74	-1	128	-1	128	-1	-1	140	-1	-1	-1	-1	-1	-1	-1	-1	-1	-1	-1	-1	-1	-1	-1	-1	-1	-1	-1	-1	-1	-1	-1	-1	-1	-1	
140	-1	-1	-1	80	0	-1	-1	0	-1	64	-1	72	-1	128	-1	128	-1	-1	140	-1	-1	-1	-1	-1	-1	-1	-1	-1	-1	-1	-1	-1	-1	-1	-1	-1	-1	-1	-1	-1	-1	-1	-1	-1	-1	
140	-1	-1	-1	80	0	-1	-1	0	-1	64	-1	70	-1	128	-1	128	-1	-1	140	-1	-1	-1	-1	-1	-1	-1	-1	-1	-1	-1	-1	-1	-1	-1	-1	-1	-1	-1	-1	-1	-1	-1	-1	-1	-1	
140	-1	-1	-1	80	0	-1	-1	0	-1	64	-1	68	-1	128	-1	128	-1	-1	140	-1	-1	-1	-1	-1	-1	-1	-1	-1	-1	-1	-1	-1	-1	-1	-1	-1	-1	-1	-1	-1	-1	-1	-1	-1	-1	
140	-1	-1	-1	80	0	-1	-1	0	-1	64	-1	65	-1	128	-1	128	-1	-1	140	-1	-1	-1	-1	-1	-1	-1	-1	-1	-1	-1	-1	-1	-1	-1	-1	-1	-1	-1	-1	-1	-1	-1	-1	-1	-1	
140	-1	-1	-1	80	0	-1	-1	0	-1	62	-1	62	-1	128	-1	128	-1	-1	140	-1	-1	-1	-1	-1	-1	-1	-1	-1	-1	-1	-1	-1	-1	-1	-1	-1	-1	-1	-1	-1	-1	-1	-1	-1	-1	
140	-1	-1	-1	80	0	-1	-1	0	-1	62	-1	59	-1	128	-1	128	-1	-1	140	-1	-1	-1	-1	-1	-1	-1	-1	-1	-1	-1	-1	-1	-1	-1	-1	-1	-1	-1	-1	-1	-1	-1	-1	-1	-1	
140	-1	-1	-1	80	0	-1	-1	0	-1	62	-1	56	-1	128	-1	128	-1	-1	140	-1	-1	-1	-1	-1	-1	-1	-1	-1	-1	-1	-1	-1	-1	-1	-1	-1	-1	-1	-1	-1	-1	-1	-1	-1	-1	
140	-1	-1	-1	80	0	-1	-1	0	-1	60	-1	53	-1	128	-1	128	-1	-1	140	-1	-1	-1	-1	-1	-1	-1	-1	-1	-1	-1	-1	-1	-1	-1	-1	-1	-1	-1	-1	-1	-1	-1	-1	-1	-1	
140	-1	-1	-1	80	0	-1	-1	0	-1	60	-1	51	-1	128	-1	128	-1	-1	140	-1	-1	-1	-1	-1	-1	-1	-1	-1	-1	-1	-1	-1	-1	-1	-1	-1	-1	-1	-1	-1	-1	-1	-1	-1	-1	
140	-1	-1	-1	80	0	-1	-1	0	-1	60	-1	48	-1	128	-1	128	-1	-1	140	-1	-1	-1	-1	-1	-1	-1	-1	-1	-1	-1	-1	-1	-1	-1	-1	-1	-1	-1	-1	-1	-1	-1	-1	-1	-1	
140	-1	-1	-1	80	0	-1	-1	0	-1	58	-1	46	-1	128	-1	128	-1	-1	140	-1	-1	-1	-1	-1	-1	-1	-1	-1	-1	-1	-1	-1	-1	-1	-1	-1	-1	-1	-1	-1	-1	-1	-1	-1	-1	
140	-1	-1	-1	80	0	-1	-1	0	-1	58	-1	43	-1	128	-1	128	-1	-1	140	-1	-1	-1	-1	-1	-1	-1	-1	-1	-1	-1	-1	-1	-1	-1	-1	-1	-1	-1	-1	-1	-1	-1	-1	-1	-1	
140	-1	-1	-1	80	0	-1	-1	0	-1	58	-1	41	-1	128	-1	128	-1	-1	140	-1	-1	-1	-1	-1	-1	-1	-1	-1	-1	-1	-1	-1	-1	-1	-1	-1	-1	-1	-1	-1	-1	-1	-1	-1	-1	
140	-1	-1	-1	80	0	-1	-1	0	-1	58	-1	39	-1	128	-1	128	-1	-1	140	-1	-1	-1	-1	-1	-1	-1	-1	-1	-1	-1	-1	-1	-1	-1	-1	-1	-1	-1	-1	-1	-1	-1	-1	-1	-1	
140	-1	-1	-1	80	0	-1	-1	0	-1	56	-1	37	-1	128	-1	128	-1	-1	140	-1	-1	-1	-1	-1	-1	-1	-1	-1	-1	-1	-1	-1	-1	-1	-1	-1	-1	-1	-1	-1	-1	-1	-1	-1	-1	
140	-1	-1	-1	80	0	-1	-1	0	-1	56	-1	35	-1	128	-1	128	-1	-1	140	-1	-1	-1	-1	-1	-1	-1	-1	-1	-1	-1	-1	-1	-1	-1	-1	-1	-1	-1	-1	-1	-1	-1	-1	-1	-1	
140	-1	-1	-1	80	0	-1	-1	0	-1	56	-1	33	-1	128	-1	128	-1	-1	140	-1	-1	-1	-1	-1	-1	-1	-1	-1	-1	-1	-1	-1	-1	-1	-1	-1	-1	-1	-1	-1	-1	-1	-1	-1	-1	
140	-1	-1	-1	80	0	-1	-1	0	-1	54	-1	32	-1	128	-1	128	-1	-1	140	-1	-1	-1	-1	-1	-1	-1	-1	-1	-1	-1	-1	-1	-1	-1	-1	-1	-1	-1	-1	-1	-1	-1	-1	-1	-1	
140	-1	-1	-1	80	0	-1	-1	0	-1	54	-1	30	-1	128	-1	128	-1	-1	140	-1	-1	-1	-1	-1	-1	-1	-1	-1	-1	-1	-1	-1	-1	-1	-1	-1	-1	-1	-1	-1	-1	-1	-1	-1	-1	
140	-1	-1	-1	80	0	-1	-1	0	-1	54	-1	29	-1	128	-1	128	-1	-1	140	-1	-1	-1	-1	-1	-1	-1	-1	-1	-1	-1	-1	-1	-1	-1	-1	-1	-1	-1	-1	-1	-1	-1	-1	-1	-1	
140	-1	-1	-1	80	0	-1	-1	0	-1	54	-1	27	-1	128	-1	128	-1	-1	140	-1	-1	-1	-1	-1	-1	-1	-1	-1	-1	-1	-1	-1	-1	-1	-1	-1	-1	-1	-1	-1	-1	-1	-1	-1	-1	
140	-1	-1	-1	80	0	-1	-1	0	-1	52	-1	26	-1	128	-1	128	-1	-1	140	-1	-1	-1	-1	-1	-1	-1	-1	-1	-1	-1	-1	-1	-1	-1	-1	-1	-1	-1	-1	-1	-1	-1	-1	-1	-1	
140	-1	-1	-1	80	0	-1	-1	0	-1	52	-1	24	-1	128	-1	128	-1	-1	140	-1	-1	-1	-1	-1	-1	-1	-1	-1	-1	-1	-1	-1	-1	-1	-1	-1	-1	-1	-1	-1	-1	-1	-1	-1	-1	
140	-1	-1	-1	80	0	-1	-1	0	-1	52	-1	23	-1	128	-1	128	-1	-1	140	-1	-1	-1	-1	-1	-1	-1	-1	-1	-1	-1	-1	-1	-1	-1	-1	-1	-1	-1	-1	-1	-1	-1	-1	-1	-1	
140	-1	-1	-1	80	0	-1	-1	0	-1	50	-1	22	-1	128	-1	128	-1	-1	140	-1	-1	-1	-1	-1	-1	-1	-1	-1	-1	-1	-1	-1	-1	-1	-1	-1	-1	-1	-1	-1	-1	-1	-1	-1	-1	
140	-1	-1	-1	80	0	-1	-1	0	-1	50	-1	21	-1	128	-1	128	-1	-1	140	-1	-1	-1	-1	-1	-1	-1	-1	-1	-1	-1	-1	-1	-1	-1	-1	-1	-1	-1	-1	-1	-1	-1	-1	-1	-1	
140	-1	-1	-1	80	0	-1	-1	0	-1	50	-1	20	-1	128	-1	128	-1	-1	140	-1	-1	-1	-1	-1	-1	-1	-1	-1	-1	-1	-1	-1	-1	-1	-1	-1	-1	-1	-1	-1	-1	-1	-1	-1	-1	
140	-1	-1	-1	80	0	-1	-1	0	-1	50	-1	19	-1	128	-1	128	-1	-1	140	-1	-1	-1	-1	-1	-1	-1	-1	-1	-1	-1	-1	-1	-1	-1	-1	-1	-1	-1	-1	-1	-1	-1	-1	-1	-1	
140	-1	-1	-1	80	0	-1	-1	0	-1	48	-1	18	-1	128	-1	128	-1	-1	140	-1	-1	-1	-1	-1	-1	-1	-1	-1	-1	-1	-1	-1	-1	-1	-1	-1	-1	-1	-1	-1	-1	-1	-1	-1	-1	
140	-1	-1	-1	80	0	-1	-1	0	-1	48	-1	17	-1	128	-1	128	-1	-1	140	-1	-1	-1	-1	-1	-1	-1	-1	-1	-1	-1	-1	-1	-1	-1	-1	-1	-1	-1	-1	-1	-1	-1	-1	-1	-1	
140	-1	-1	-1	80	0	-1	-1	0	-1	48	-1	16	-1	128	-1	128	-1	-1	140	-1	-1	-1	-1	-1	-1	-1	-1	-1	-1	-1	-1	-1	-1	-1	-1	-1	-1	-1	-1	-1	-1	-1	-1	-1	-1	
140	-1	-1	-1	80	0	-1	-1	0	-1	46	-1	15	-1	128	-1	128	-1	-1	140	-1	-1	-1	-1	-1	-1	-1	-1	-1	-1	-1	-1	-1	-1	-1	-1	-1	-1	-1	-1	-1	-1	-1	-1	-1	-1	
140	-1	-1	-1	80	0	-1	-1	0	-1	46	-1	14	-1	128	-1	128	-1	-1	140	-1	-1	-1	-1	-1	-1	-1	-1	-1	-1	-1	-1	-1	-1	-1	-1	-1	-1	-1	-1	-1	-1	-1	-1	-1	-1	
140	-1	-1	-1	80	0	-1	-1	0	-1	46	-1	14	-1	128	-1	128	-1	-1	140	-1	-1	-1	-1	-1	-1	-1	-1	-1	-1	-1	-1	-1	-1	-1	-1	-1	-1	-1	-1	-1	-1	-1	-1	-1	-1	
140	-1	-1	-1	80	0	-1	-1	0	-1	44	-1	13	-1	128	-1	128	-1	-1	140	-1	-1	-1	-1	-1	-1	-1	-1	-1	-1	-1	-1	-1	-1	-1	-1	-1	-1	-1	-1	-1	-1	-1	-1	-1	-1	
140	-1	-1	-1	80	0	-1	-1	0	-1	44	-1	12	-1	128	-1	128	-1	-1	140	-1	-1	-1	-1	-1	-1	-1	-1	-1	-1	-1	-1	-1	-1	-1	-1	-1	-1	-1	-1	-1	-1	-1	-1	-1	-1	
140	-1	-1	-1	80	0	-1	-1	0	-1	42	-1	12	-1	128	-1	128	-1	-1	140	-1	-1	-1	-1	-1	-1	-1	-1	-1	-1	-1	-1	-1	-1	-1	-1	-1	-1	-1	-1	-1	-1	-1	-1	-1	-1	
140	-1	-1	-1	80	0	-1	-1	0	-1	42	-1	11	-1	128	-1	128	-1	-1	140	-1	-1	-1	-1	-1	-1	-1	-1	-1	-1	-1	-1	-1	-1	-1	-1	-1	-1	-1	-1	-1	-1	-1	-1	-1	-1	
140	-1	-1	-1	80	0	-1	-1	0	-1	40	-1	10	-1	128	-1	128	-1	-1	140	-1	-1	-1	-1	-1	-1	-1	-1	-1	-1	-1	-1	-1	-1	-1	-1	-1	-1	-1	-1	-1	-1	-1	-1	-1	-1	
140	-1	-1	-1	80	0	-1	-1	0	-1	40	-1	10	-1	128	-1	128	-1	-1	140	-1	-1	-1	-1	-1	-1	-1	-1	-1	-1	-1	-1	-1	-1	-1	-1	-1	-1	-1	-1	-1	-1	-1	-1	-1	-1	
140	-1	-1	-1	80	0	-1	-1	0	-1	38	-1	9	-1	128	-1	128	-1	-1	140	-1	-1	-1	-1	-1	-1	-1	-1	-1	-1	-1	-1	-1	-1	-1	-1	-1	-1	-1	-1	-1	-1	-1	-1	-1	-1	
140	-1	-1	-1	80	0	-1	-1	0	-1	38	-1	9	-1	128	-1	128	-1	-1	140	-1	-1	-1	-1	-1	-1	-1	-1	-1	-1	-1	-1	-1	-1	-1	-1	-1	-1	-1	-1	-1	-1	-1	-1	-1	-1	
140	-1	-1	-1	80	0	-1	-1	0	-1	38	-1	8	-1	128	-1	128	-1	-1	140	-1	-1	-1	-1	-1	-1	-1	-1	-1	-1	-1	-1	-1	-1	-1	-1	-1	-1	-1	-1	-1	-1	-1	-1	-1	-1	
140	-1	-1	-1	80	0	-1	-1	0	-1	36	-1	8	-1	128	-1	128	-1	-1	140	-1	-1	-1	-1	-1	-1	-1	-1	-1	-1	-1	-1	-1	-1	-1	-1	-1	-1	-1	-1	-1	-1	-1	-1	-1	-1	
140	-1	-1	-1	80	0	-1	-1	0	-1	36	-1	7	-1	128	-1	128	-1	-1	140	-1	-1	-1	-1	-1	-1	-1	-1	-1	-1	-1	-1	-1	-1	-1	-1	-1	-1	-1	-1	-1	-1	-1	-1	-1	-1	
140	-1	-1	-1	80	0	-1	-1	0	-1	36	-1	7	-1	128	-1	128	-1	-1	140	-1	-1	-1	-1	-1	-1	-1	-1	-1	-1	-1	-1	-1	-1	-1	-1	-1	-1	-1	-1	-1	-1	-1	-1	-1	-1	
140	-1	-1	-1	80	0	-1	-1	0	-1	34	-1	7	-1	128	-1	128	-1	-1	140	-1	-1	-1	-1	-1	-1	-1	-1	-1	-1	-1	-1	-1	-1	-1	-1	-1	-1	-1	-1	-1	-1	-1	-1	-1	-1	
140	-1	-1	-1	80	0	-1	-1	0	-1	34	-1	6	-1	128	-1	128	-1	-1	140	-1	-1	-1	-1	-1	-1	-1	-1	-1	-1	-1	-1	-1	-1	-1	-1	-1	-1	-1	-1	-1	-1	-1	-1	-1	-1	
140	-1	-1	-1	80	0	-1	-1	0	-1	32	-1	6	-1	128	-1	128	-1	-1	140	-1	-1	-1	-1	-1	-1	-1	-1	-1	-1	-1	-1	-1	-1	-1	-1	-1	-1	-1	-1	-1	-1	-1	-1	-1	-1	
140	-1	-1	-1	80	0	-1	-1	0	-1	32	-1	6	-1	128	-1	128	-1	-1	140	-1	-1	-1	-1	-1	-1	-1	-1	-1	-1	-1	-1	-1	-1	-1	-1	-1	-1	-1	-1	-1	-1	-1	-1	-1	-1	
140	-1	-1	-1	80	0	-1	-1	0	-1	32	-1	5	-1	128	-1	128	-1	-1	140	-1	-1	-1	-1	-1	-1	-1	-1	-1	-1	-1	-1	-1	-1	-1	-1	-1	-1	-1	-1	-1	-1	-1	-1	-1	-1	
140	-1	-1	-1	80	0	-1	-1	0	-1	30	-1	5	-1	128	-1	128	-1	-1	140	-1	-1	-1	-1	-1	-1	-1	-1	-1	-1	-1	-1	-1	-1	-1	-1	-1	-1	-1	-1	-1	-1	-1	-1	-1	-1	
140	-1	-1	-1	80	0	-1	-1	0	-1	30	-1	5	-1	128	-1	128	-1	-1	140	-1	-1	-1	-1	-1	-1	-1	-1	-1	-1	-1	-1	-1	-1	-1	-1	-1	-1	-1	-1	-1	-1	-1	-1	-1	-1	
140	-1	-1	-1	80	0	-1	-1	0	-1	30	-1	4	-1	128	-1	128	-1	-1	140	-1	-1	-1	-1	-1	-1	-1	-1	-1	-1	-1	-1	-1	-1	-1	-1	-1	-1	-1	-1	-1	-1	-1	-1	-1	-1	
140	-1	-1	-1	80	0	-1	-1	0	-1	30	-1	4	-1	128	-1	128	-1	-1	140	-1	-1	-1	-1	-1	-1	-1	-1	-1	-1	-1	-1	-1	-1	-1	-1	-1	-1	-1	-1	-1	-1	-1	-1	-1	-1	
140	-1	-1	-1	80	0	-1	-1	0	-1	28	-1	4	-1	128	-1	128	-1	-1	140	-1	-1	-1	-1	-1	-1	-1	-1	-1	-1	-1	-1	-1	-1	-1	-1	-1	-1	-1	-1	-1	-1	-1	-1	-1	-1	
140	-1	-1	-1	80	0	-1	-1	0	-1	28	-1	4	-1	128	-1	128	-1	-1	140	-1	-1	-1	-1	-1	-1	-1	-1	-1	-1	-1	-1	-1	-1	-1	-1	-1	-1	-1	-1	-1	-1	-1	-1	-1	-1	
140	-1	-1	-1	80	0	-1	-1	0	-1	28	-1	4	-1	128	-1	128	-1	-1	140	-1	-1	-1	-1	-1	-1	-1	-1	-1	-1	-1	-1	-1	-1	-1	-1	-1	-1	-1	-1	-1	-1	-1	-1	-1	-1	
140	-1	-1	-1	80	0	-1	-1	0	-1	26	-1	3	-1	128	-1	128	-1	-1	140	-1	-1	-1	-1	-1	-1	-1	-1	-1	-1	-1	-1	-1	-1	-1	-1	-1	-1	-1	-1	-1	-1	-1	-1	-1	-1	
140	-1	-1	-1	80	0	-1	-1	0	-1	26	-1	3	-1	128	-1	128	-1	-1	140	-1	-1	-1	-1	-1	-1	-1	-1	-1	-1	-1	-1	-1	-1	-1	-1	-1	-1	-1	-1	-1	-1	-1	-1	-1	-1	
140	-1	-1	-1	80	0	-1	-1	0	-1	26	-1	3	-1	128	-1	128	-1	-1	140	-1	-1	-1	-1	-1	-1	-1	-1	-1	-1	-1	-1	-1	-1	-1	-1	-1	-1	-1	-1	-1	-1	-1	-1	-1	-1	
140	-1	-1	-1	80	0	-1	-1	0	-1	26	-1	3	-1	128	-1	128	-1	-1	140	-1	-1	-1	-1	-1	-1	-1	-1	-1	-1	-1	-1	-1	-1	-1	-1	-1	-1	-1	-1	-1	-1	-1	-1	-1	-1	
140	-1	-1	-1	80	0	-1	-1	0	-1	24	-1	3	-1	128	-1	128	-1	-1	140	-1	-1	-1	-1	-1	-1	-1	-1	-1	-1	-1	-1	-1	-1	-1	-1	-1	-1	-1	-1	-1	-1	-1	-1	-1	-1	
140	-1	-1	-1	80	0	-1	-1	0	-1	24	-1	2	-1	128	-1	128	-1	-1	140	-1	-1	-1	-1	-1	-1	-1	-1	-1	-1	-1	-1	-1	-1	-1	-1	-1	-1	-1	-1	-1	-1	-1	-1	-1	-1	
140	-1	-1	-1	80	0	-1	-1	0	-1	24	-1	2	-1	128	-1	128	-1	-1	140	-1	-1	-1	-1	-1	-1	-1	-1	-1	-1	-1	-1	-1	-1	-1	-1	-1	-1	-1	-1	-1	-1	-1	-1	-1	-1	
140	-1	-1	-1	80	0	-1	-1	0	-1	24	-1	2	-1	128	-1	128	-1	-1	140	-1	-1	-1	-1	-1	-1	-1	-1	-1	-1	-1	-1	-1	-1	-1	-1	-1	-1	-1	-1	-1	-1	-1	-1	-1	-1	
140	-1	-1	-1	80	0	-1	-1	0	-1	22	-1	2	-1	128	-1	128	-1	-1	140	-1	-1	-1	-1	-1	-1	-1	-1	-1	-1	-1	-1	-1	-1	-1	-1	-1	-1	-1	-1	-1	-1	-1	-1	-1	-1	
140	-1	-1	-1	80	0	-1	-1	0	-1	22	-1	2	-1	128	-1	128	-1	-1	140	-1	-1	-1	-1	-1	-1	-1	-1	-1	-1	-1	-1	-1	-1	-1	-1	-1	-1	-1	-1	-1	-1	-1	-1	-1	-1	
140	-1	-1	-1	80	0	-1	-1	0	-1	22	-1	2	-1	128	-1	128	-1	-1	140	-1	-1	-1	-1	-1	-1	-1	-1	-1	-1	-1	-1	-1	-1	-1	-1	-1	-1	-1	-1	-1	-1	-1	-1	-1	-1	
140	-1	-1	-1	80	0	-1	-1	0	-1	22	-1	2	-1	128	-1	128	-1	-1	140	-1	-1	-1	-1	-1	-1	-1	-1	-1	-1	-1	-1	-1	-1	-1	-1	-1	-1	-1	-1	-1	-1	-1	-1	-1	-1	
140	-1	-1	-1	80	0	-1	-1	0	-1	20	-1	2	-1	128	-1	128	-1	-1	140	-1	-1	-1	-1	-1	-1	-1	-1	-1	-1	-1	-1	-1	-1	-1	-1	-1	-1	-1	-1	-1	-1	-1	-1	-1	-1	
140	-1	-1	-1	80	0	-1	-1	0	-1	20	-1	1	-1	128	-1	128	-1	-1	140	-1	-1	-1	-1	-1	-1	-1	-1	-1	-1	-1	-1	-1	-1	-1	-1	-1	-1	-1	-1	-1	-1	-1	-1	-1	-1	
140	-1	-1	-1	80	0	-1	-1	0	-1	20	-1	1	-1	128	-1	128	-1	-1	140	-1	-1	-1	-1	-1	-1	-1	-1	-1	-1	-1	-1	-1	-1	-1	-1	-1	-1	-1	-1	-1	-1	-1	-1	-1	-1	
140	-1	-1	-1	80	0	-1	-1	0	-1	20	-1	1	-1	128	-1	128	-1	-1	140	-1	-1	-1	-1	-1	-1	-1	-1	-1	-1	-1	-1	-1	-1	-1	-1	-1	-1	-1	-1	-1	-1	-1	-1	-1	-1	
140	-1	-1	-1	80	0	-1	-1	0	-1	20	-1	1	-1	128	-1	128	-1	-1	140	-1	-1	-1	-1	-1	-1	-1	-1	-1	-1	-1	-1	-1	-1	-1	-1	-1	-1	-1	-1	-1	-1	-1	-1	-1	-1	
140	-1	-1	-1	80	0	-1	-1	0	-1	18	-1	1	-1	128	-1	128	-1	-1	140	-1	-1	-1	-1	-1	-1	-1	-1	-1	-1	-1	-1	-1	-1	-1	-1	-1	-1	-1	-1	-1	-1	-1	-1	-1	-1	
140	-1	-1	-1	80	0	-1	-1	0	-1	18	-1	1	-1	128	-1	128	-1	-1	140	-1	-1	-1	-1	-1	-1	-1	-1	-1	-1	-1	-1	-1	-1	-1	-1	-1	-1	-1	-1	-1	-1	-1	-1	-1	-1	
140	-1	-1	-1	80	0	-1	-1	0	-1	18	-1	1	-1	128	-1	128	-1	-1	140	-1	-1	-1	-1	-1	-1	-1	-1	-1	-1	-1	-1	-1	-1	-1	-1	-1	-1	-1	-1	-1	-1	-1	-1	-1	-1	
140	-1	-1	-1	80	0	-1	-1	0	-1	0	-1	0	-1	-1	-1	-1	-1	-1	140	-1	-1	-1	-1	-1	-1	-1	-1	-1	-1	-1	-1	-1	-1	-1	-1	-1	-1	-1	-1	-1	-1	-1	-1	-1	-1	
140	-1	-1	-1	80	0	-1	-1	0	-1	0	-1	0	-1	-1	-1	-1	-1	-1	140	-1	-1	-1	-1	-1	-1	-1	-1	-1	-1	-1	-1	-1	-1	-1	-1	-1	-1	-1	-1	-1	-1	-1	-1	-1	-1	
140	-1	-1	-1	80	0	-1	-1	0	-1	0	-1	0	-1	-1	-1	-1	-1	-1	140	-1	-1	-1	-1	-1	-1	-1	-1	-1	-1	-1	-1	-1	-1	-1	-1	-1	-1	-1	-1	-1	-1	-1	-1	-1	-1	
140	-1	-1	-1	80	0	-1	-1	0	-1	0	-1	0	-1	-1	-1	-1	-1	-1	140	-1	-1	-1	-1	-1	-1	-1	-1	-1	-1	-1	-1	-1	-1	-1	-1	-1	-1	-1	-1	-1	-1	-1	-1	-1	-1	
-1	-1	-1	-1	-1	-1	-1	-1	0	-1	0	-1	0	-1	-1	-1	-1	-1	-1	-1	-1	-1	-1	-1	-1	-1	-1	-1	-1	-1	-1	-1	-1	-1	-1	-1	-1	-1	-1	-1	-1	-1	-1	-1	-1	-1	
